-1 1 26
0 1 25
0 0 7
2 1 2000
0 2 376
97 6 56000
-1 0 13
0 0 7
0 0 7
0 1 10
11 1 590
1 0 45
33 18 23000
-4 0 32
0 0 18
2 1 55
0 0 8
0 0 11
0 1 17
1 4 3000
0 0 7
79 6 41000
160 10 72000
18 6 8000
-1 0 24
0 2 16
0 2 9000
-4 1 52
-2 0 46
13 2 1000
0 0 36
0 0 11
13 4 5000
0 0 17
18 3 9000
0 0 21
0 2 3000
0 0 15
0 0 2000
0 1 22
0 0 6
0 2 145
0 0 21
140 21 87000
0 0 12
2 2 731
0 2 520
240 5 314000
74 10 32000
5 5 2000
-1 1 26
0 1 25
0 0 7
2 1 2000
0 2 376
97 6 56000
-1 0 13
0 0 7
0 0 7
0 1 10
11 1 590
1 0 45
33 18 23000
-4 0 32
0 0 18
2 1 55
0 0 8
0 0 11
0 1 17
1 4 3000
0 0 7
79 6 41000
160 10 72000
18 6 8000
-1 0 24
0 2 16
0 2 9000
-4 1 52
-2 0 46
13 2 1000
0 0 36
0 0 11
13 4 5000
0 0 17
18 3 9000
0 0 21
0 2 3000
0 0 15
0 0 2000
0 1 22
0 0 6
0 2 145
0 0 21
140 21 87000
0 0 12
2 2 731
0 2 520
240 5 314000
74 10 32000
5 5 2000
38 8 13000
1 1 49
360 17 222000
-1 1 35
0 1 15
0 0 21
23 9 9000
1 1 32
3 1 327
0 0 16
-1 0 7
0 2 35
0 1 23
0 1 136
0 1 18
-1 2 552
0 2 503
-1 0 16
5 9 20000
-1 1 22
316 12 163000
17 4 8000
72 8 28000
10 3 58000
0 0 33
-2 0 26
0 1 89
3 0 70
-1 0 21
1 1 108
71 16 46000
0 0 12
0 2 3000
9 10 24000
0 0 17
2 5 1000
2 0 130
0 0 36
7 3 10000
1 0 27
15 2 1000
1 1 22
2 2 4000
0 1 26
0 1 24
0 0 15
9 4 4000
1 0 177
0 1 24
-1 0 70
0 0 19
-2 1 213
3 1 165
0 1 60
19 7 5000
0 0 9
0 1 99
10 15 77000
0 1 57
0 4 1000
-2 1 66
1 2 3000
1 1 99
-4 0 23
0 0 12
58 4 20000
0 1 27
0 0 12
-1 0 33
49 9 100000
5 2 92
173 11 129000
1 1 31
0 0 14
0 1 38
24 6 6000
912 21 264000
0 0 7
0 2 71
43 14 54000
4 2 2000
0 0 30
0 0 82
22 4 28000
43 8 41000
2 2 727
3 1 1000
0 1 740
0 0 16
15 7 4000
5 5 6000
2 1 94
0 0 13
101 12 59000
0 1 31
1 0 109
0 0 12
0 0 1000
30 4 45000
27 3 2000
0 0 9
0 0 16
3 3 66
0 1 26
0 1 29
1 1 94
0 0 16
0 0 28
0 0 6
1 0 35
5 1 149
1 1 42
-1 1 111
9 6 39000
0 1 17
0 3 342
0 0 20
0 0 21
0 1 38
1 1 39
397 8 123000
0 1 18
0 1 1000
272 10 168000
0 0 15
0 0 10
0 1 38
1 1 46
1 1 27
108 8 76000
11 1 10000
0 5 7000
1 1 25
0 0 17
0 6 2000
0 0 33
589 19 149000
0 0 21
2 1 120
1 1 156
248 7 105000
0 1 46
7 1 3000
332 14 305000
2 1 1000
1 0 44
16 6 41000
0 0 51
0 0 20
2 1 349
0 2 29
1 0 11
0 1 85
0 0 17
1 1 128
0 0 43
47 3 28000
0 2 38
0 0 31
0 2 4000
2 1 616
2 3 1000
91 4 127000
8 2 9000
3 1 604
1 2 22000
0 1 99
2 2 783
249 7 391000
1 1 471
0 2 32
0 0 12
15 5 23000
0 1 26
1 1 38
1 1 47
0 1 461
0 0 15
1 2 528
4 0 92
101 7 63000
0 1 46
34 9 37000
15 2 2000
0 0 47
83 4 35000
1 2 7000
0 1 40
1 2 84
1 1 60
1 1 86
2 1 36
68 17 45000
3 3 817
-1 3 84
14 7 6000
0 1 2000
0 1 45
0 2 773
0 2 23
1 2 892
0 1 23
1 1 264
8 1 1000
202 5 91000
1 2 42
2 5 3000
0 0 22
0 2 704
29 6 32000
2 2 3000
0 1 27
3 1 9000
1 1 140
0 1 37
18 6 13000
4 2 2000
0 2 460
6 2 1000
0 1 20
1 2 2000
1 2 69
49 8 38000
79 12 14000
-1 1 24
0 1 41
11 2 794
0 0 23
0 1 19
3 0 104
1 0 520
0 1 648
1 0 25
21 2 5000
0 1 27
238 7 62000
4 1 1000
0 1 89
26 2 2000
0 1 60
0 1 12
0 0 5
7 2 5000
0 0 24
0 0 52
1 1 57
10 2 20000
0 2 89
1 0 28
0 0 60
6 6 6000
14 3 10000
1 17 372
4 4 7000
0 2 578
5 3 369
0 1 26
11 3 13000
8 8 10000
0 0 26
4 1 972
0 2 3000
0 1 57
0 0 10
1 1 166
0 1 27
62 6 128000
60 9 22000
2 0 79
2 1 62
7 3 5000
0 1 23
34 10 15000
399 13 172000
1 2 6000
0 1 1000
1 2 669
1 5 2000
1 1 41
-2 1 23
0 2 37
4 1 817
0 0 37
5 7 2000
1 2 54
29 17 17000
1 1 35
84 4 20000
-1 1 2000
0 2 235
21 3 16000
0 2 190
0 1 53
2 0 1000
-5 1 68
0 1 111
0 0 47
0 1 56
3 1 559
0 0 2000
0 1 45
0 1 33
32 8 26000
36 6 27000
0 0 19
7 4 4000
2 1 340
0 1 37
0 0 27
1 3 58
6 6 2000
16 4 7000
-5 2 828
1 2 3000
31 14 69000
0 0 29
28 10 56000
0 0 8
1 1 116
0 1 663
0 1 28
0 1 1000
0 1 82
1 1 43
5 1 98
29 3 2000
0 1 24
0 2 656
0 1 29
11 4 3000
91 13 63000
1 1 87
0 1 33
2 1 65
0 1 22
0 1 68
0 1 34
0 0 16
5 4 215
0 3 3000
0 0 8
0 1 178
1 1 30
-3 1 77
0 1 83
6 5 594
1 3 75
0 2 20
0 0 20
50 10 27000
0 2 125
1 1 512
1 1 22
0 0 32
5 4 9000
0 1 71
1 0 22
0 0 25
51 13 28000
0 2 39
4 1 483
18 5 37000
19 2 5000
56 31 28000
5 1 4000
12 5 4000
1 0 26
0 1 37
18 6 16000
0 1 340
1 2 45
2 0 155
-2 1 196
0 1 429
0 1 8
0 1 31
0 2 18
0 1 36
0 0 32
316 16 170000
0 0 45
2 3 698
0 0 34
31 4 28000
0 1 50
0 0 94
0 1 23
61 9 41000
2 0 112
0 2 15
0 0 19
3 1 7000
0 1 25
0 1 16
0 2 40
0 0 68
0 1 33
15 7 10000
18 5 21000
0 0 24
4 4 2000
1 1 33
0 0 10
-1 2 56
10 2 1000
0 1 61
0 0 12
7 1 5000
5 0 55
1 1 60
1 1 135
1 1 72
8 3 5000
2 2 362
22 3 10000
1 2 240
18 2 10000
0 1 30
1 0 158
19 5 25000
2 0 27
0 0 30
0 0 21
-2 3 50
69 6 8000
0 0 24
0 1 217
0 1 1000
20 10 17000
0 0 18
1 1 4000
0 5 225
4 4 10000
507 46 205000
1 1 2000
3 5 6000
11 5 23000
0 2 609
15 17 4000
4 3 2000
1 3 54
1 0 18
1 1 20
40 4 16000
30 17 36000
0 2 23
1 0 184
4 2 604
13 7 21000
6 5 5000
558 20 342000
0 0 24
0 0 26
5 3 1000
0 0 102
1 1 3000
11 1 2000
0 0 8
0 0 45
0 1 17
1 2 235
528 13 205000
8 3 10000
22 6 44000
51 15 12000
1 0 18
1 4 2000
3 3 718
0 0 24
1 1 109
6 3 1000
5 3 11000
0 0 16
25 3 8000
9 4 2000
206 6 103000
10 3 6000
28 5 19000
1 0 25
13 5 15000
0 1 41
1 0 33
0 0 27
0 0 101
1 1 229
2 3 1000
0 1 11
11 11 42000
0 0 27
0 1 56
0 1 31
0 0 29
0 1 43
1 3 2000
2 0 73
17 1 8000
1 0 373
0 1 8
0 1 46
266 17 63000
25 5 56000
11 1 21000
1 1 18
2 1 33
1 1 70
0 3 1000
0 0 4
0 1 46
0 0 25
0 1 309
1 5 435
0 0 37
6 3 17000
7 1 928
1 1 85
3 2 2000
16 19 2000
0 0 18
0 1 364
0 1 33
14 17 63000
0 0 16
2 1 818
0 1 68
0 2 256
0 2 176
19 5 55000
56 3 17000
0 0 8
1 4 2000
0 1 31
1 3 1000
0 0 7
5 2 1000
0 0 45
0 1 37
0 1 50
0 1 47
321 11 125000
0 0 34
19 9 9000
7 3 2000
46 13 37000
0 1 33
6 1 2000
3 2 3000
0 1 34
3 3 624
15 2 5000
0 0 66
0 2 290
0 2 182
0 1 11
0 0 19
0 2 32
2 0 242
126 9 215000
2 1 176
1 1 2000
0 1 37
0 0 37
2 4 6000
4 1 2000
0 0 38
3 6 6000
1 1 44
0 2 76
-1 1 171
0 3 2000
3 3 21000
2 2 2000
-2 1 31
0 1 18
4 5 8000
0 1 24
1 1 12
2 2 575
0 0 41
0 0 21
-2 3 3000
21 5 35000
1 4 7000
-1 2 93
0 1 84
5 1 3000
0 0 21
2 2 141
0 0 26
0 1 29
146 7 44000
0 0 34
1 4 4000
0 1 35
0 0 60
0 0 49
0 0 62
436 11 240000
37 9 128000
1 1 157
0 1 198
1 1 94
3 2 329
0 1 34
0 0 29
0 1 301
2 1 596
0 2 338
2 2 208
5 12 474
0 0 14
0 0 13
1 0 44
0 0 7
14 4 7000
8 1 4000
0 1 100
1 0 33
1 1 91
0 0 46
0 0 61
0 0 34
0 4 661
0 0 18
1 1 46
0 1 129
1 1 22
5 0 117
0 0 30
2 2 678
3 1 635
1 1 29
11 1 1000
5 2 1000
0 1 13
1 1 1000
10 3 7000
40 10 27000
758 17 242000
0 0 26
0 1 41
1 1 145
14 8 35000
18 3 14000
1 3 2000
38 4 2000
0 0 24
46 7 12000
2 0 221
0 0 31
0 0 45
9 13 19000
18 2 851
0 0 21
0 2 35
1 0 62
-5 1 33
0 2 57
0 0 30
0 0 31
0 0 41
43 8 18000
0 1 46
5 4 4000
15 4 9000
3 5 8000
-3 3 392
2 1 871
0 0 698
19 3 5000
0 1 25
8 9 4000
3 2 4000
10 1 237
0 1 92
1 1 40
0 1 220
3 3 2000
15 4 14000
2 1 3000
49 5 63000
1 2 39
1 1 51
8 5 6000
13 6 2000
40 5 8000
0 1 60
1 4 2000
0 0 27
1 1 172
0 1 161
0 1 28
0 0 23
0 1 72
0 1 34
7 3 45000
0 0 15
3 1 808
68 16 38000
0 0 24
2 1 117
0 1 77
0 1 95
14 7 10000
0 0 37
0 0 27
0 0 40
11 5 15000
-3 1 122
6 1 2000
0 0 13
9 11 8000
0 2 80
0 0 22
1 1 90
0 1 33
0 1 56
0 2 1000
1 2 2000
23 28 6000
6 4 14000
1 1 25
0 1 30
0 0 19
0 0 109
1 1 218
94 10 52000
0 0 14
17 5 32000
21 3 14000
1 2 589
1 1 126
3 2 2000
1 1 88
0 0 176
46 11 43000
23 6 2000
12 14 7000
80 5 21000
2 2 429
0 0 29
0 1 20
8 3 631
1 0 33
24 11 2000
1 0 33
0 1 69
0 1 181
2 3 1000
14 12 9000
0 0 34
0 1 38
0 0 8
1 2 144
2 4 517
1 1 5000
3 2 3000
0 3 2000
4 2 2000
1 2 57
0 0 12
1 2 139
0 1 33
3 7 15000
11 13 17000
0 1 244
1 1 20
0 0 44
10 4 2000
1 2 2000
0 2 449
0 1 341
0 3 119
781 11 439000
0 0 18
3 1 765
0 1 57
0 0 18
0 1 16
0 1 781
0 0 9
0 2 23
0 0 132
17 1 12000
1 1 46
0 0 14
0 0 17
9 4 3000
7 13 7000
0 0 27
0 0 20
0 1 90
4 2 501
10 7 3000
4 1 772
4 6 3000
3 8 8000
0 0 22
0 1 223
0 0 9
5 4 25000
0 0 35
0 1 107
6 5 8000
7 0 8000
-1 1 236
0 0 148
3 1 252
0 1 134
2 0 46
64 5 45000
1 0 25
0 0 162
5 4 11000
2 2 52
2 1 143
1 0 77
3 1 140
0 0 13
1 1 219
0 0 11
1 1 59
0 0 20
8 8 3000
0 0 28
0 2 212
44 13 23000
0 1 126
2 3 2000
0 0 45
0 1 25
2 0 17
0 1 33
0 1 73
0 2 764
0 1 66
2 1 364
0 1 169
0 1 39
0 1 19
15 2 6000
44 11 35000
0 1 39
1 0 434
11 2 18000
0 0 15
7 1 6000
0 1 21
0 0 115
0 1 54
8 2 3000
9 1 514
53 2 72000
2 2 75
542 10 204000
0 1 3000
40 6 40000
1 1 174
0 2 89
2 4 2000
0 1 255
0 0 36
2 1 3000
0 1 4000
0 0 12
34 5 12000
4 2 3000
1 2 86
0 0 25
1 1 26
9 6 19000
0 0 12
1 1 33
0 1 44
-1 1 18
27 3 30000
6 2 660
1 1 145
0 2 157
0 0 38
0 1 462
1 0 17
1 2 197
0 1 106
5 2 2000
1 1 196
0 2 1000
0 3 131
0 0 24
1 3 439
0 2 345
9 6 25000
10 4 3000
0 1 19
1 2 435
0 0 19
0 1 77
10 5 13000
6 1 2000
0 0 48
1 1 37
0 2 109
0 0 15
4 2 219
18 8 31000
-1 2 32
26 4 10000
2 1 1000
5 3 5000
27 6 55000
2 2 118
12 2 1000
1 2 1000
2 2 2000
58 5 46000
1 0 29
0 1 167
5 3 4000
1 1 346
-2 1 42
0 1 69
24 2 12000
1 3 531
0 0 51
0 0 9
0 0 422
3 1 5000
0 0 32
5 1 4000
4 2 3000
3 2 331
0 0 70
1 0 105
0 3 213
0 7 5000
0 0 8
0 1 53
2 1 1000
0 1 76
1 1 644
0 0 48
2 0 41
7 4 15000
3 2 922
1 1 41
0 2 67
0 1 110
0 1 36
1 0 54
-1 1 28
93 15 127000
0 1 43
57 2 50000
0 0 48
1 1 34
8 2 20000
1 0 33
18 11 8000
1 1 488
12 4 3000
0 0 23
0 2 80
0 0 12
0 2 101
6 6 22000
1 1 391
7 2 3000
-1 1 67
6 1 8000
23 3 6000
0 0 38
66 5 117000
0 1 78
0 0 37
0 0 23
2 1 260
50 2 72000
21 4 23000
1 1 83
0 1 219
3 2 443
11 3 26000
1 2 675
0 0 13
0 1 20
0 1 51
0 1 299
0 0 38
-1 1 62
0 1 45
1 3 1000
-1 1 60
0 0 19
2 1 1000
1 0 50
6 3 15000
0 2 37
2 1 488
3 2 2000
0 2 375
1 1 37
1 0 27
3 1 506
0 0 50
0 1 32
0 0 31
0 0 202
10 2 8000
11 9 2000
9 9 45000
28 3 35000
54 3 24000
15 2 14000
1 0 40
9 1 2000
0 2 93
2 0 59
0 1 21
0 0 12
0 0 19
1 2 106
26 20 19000
0 0 27
1 1 190
0 2 469
0 0 26
0 0 178
4 1 2000
0 0 39
2 2 372
0 2 128
24 1 14000
-2 1 88
8 4 3000
2 2 51
7 2 779
0 0 27
0 1 400
1 2 533
1 1 71
28 5 16000
0 1 21
0 0 590
2 1 107
18 5 32000
0 0 33
1 1 115
0 0 25
4 0 534
1 1 17
0 1 63
-2 2 68
75 9 11000
0 0 54
1 3 749
4 1 406
1 1 32
1 1 53
3 0 392
84 9 29000
0 1 12
0 2 793
1 1 125
-1 1 230
-3 1 184
0 0 20
1 1 136
10 4 25000
0 0 228
0 0 204
1 1 928
3 0 500
0 1 167
0 1 55
0 0 52
0 1 33
9 3 7000
0 1 18
1 1 260
13 14 9000
0 3 3000
0 0 98
1 1 20
1 1 145
1 3 585
27 6 21000
0 0 35
0 0 35
92 13 58000
1 2 230
0 2 2000
0 1 19
53 4 48000
0 1 31
5 2 969
1 3 852
1 0 249
13 1 2000
16 5 17000
6 0 212
0 0 20
1 1 763
9 3 6000
0 0 27
15 4 11000
207 21 228000
51 2 45000
32 1 23000
0 1 95
2 1 46
2 1 100
2 0 2000
0 2 49
0 0 310
1 2 393
1 0 23
1 1 253
0 1 12
1 3 117
0 1 35
1 0 11
1 0 185
0 0 112
0 2 2000
1 1 146
0 0 298
165 17 67000
4 1 278
1 1 60
0 2 42
0 0 56
0 0 29
0 3 411
0 1 62
5 2 28000
6 1 1000
0 1 57
-1 2 68
22 3 60000
3 2 755
0 1 310
0 2 352
8 2 10000
0 2 142
18 1 8000
-1 1 128
3 2 8000
0 1 130
0 1 22
2 0 1000
0 1 22
2 0 143
0 1 903
1 1 44
0 1 20
0 2 38
0 0 237
0 1 16
0 0 259
0 1 20
0 1 103
5 2 1000
0 1 14
20 11 16000
-2 1 374
1 0 29
1 1 1000
-1 1 63
0 1 109
0 2 696
-1 1 347
0 0 16
0 2 105
4 1 685
7 0 176
2 2 684
92 8 128000
10 2 6000
0 2 62
6 4 10000
5 2 3000
0 0 19
3 0 198
-5 2 43
4 3 7000
2 1 2000
0 1 72
114 9 46000
16 3 3000
3 1 504
0 0 389
0 0 148
0 0 15
3 1 1000
17 4 21000
0 3 4000
1 5 6000
0 1 53
0 0 48
4 2 2000
30 17 110000
0 1 9000
0 1 140
0 2 2000
2 1 361
-1 1 36
11 7 9000
5 6 6000
3 2 3000
7 2 978
2 4 4000
0 0 36
1 0 53
2 0 1000
4 4 1000
5 2 14000
0 1 38
0 1 79
0 0 244
0 1 49
109 7 63000
0 1 20
0 1 20
0 2 321
11 3 3000
8 4 2000
9 3 7000
-1 1 31
1 0 28
1 1 18
0 0 20
1 0 26
0 1 233
1 0 48
0 0 85
1 1 10
8 3 5000
0 1 262
5 2 2000
4 3 2000
5 2 3000
-2 1 568
-4 1 84
20 3 9000
1028 1 1
388 19 162000
39 2 3000
1 1 51
3 2 155
1 1 33
0 0 774
1 1 41
1 0 53
4 2 388
2 2 571
0 2 1000
1 1 2000
0 1 59
9 3 10000
0 0 48
98 10 706000
1 1 25
1 1 147
1 1 180
8 1 11000
1 2 876
4 1 721
1 1 50
1 1 820
0 2 5000
-2 3 60
-1 2 131
0 1 73
1 2 156
0 0 81
34 2 9000
3 1 47
0 2 28
0 1 47
1 1 4000
4 3 787
4 2 1000
183 5 67000
0 2 142
19 7 25000
0 2 77
0 0 138
1 1 311
0 0 34
3 2 97
1 2 1000
0 1 60
2 0 45
1 1 373
-3 5 61
31 15 23000
0 1 773
56 2 19000
2 1 250
0 1 91
1 2 72
0 0 135
177 9 168000
54 2 4000
14 2 7000
0 2 1000
44 5 11000
7 1 378
5 1 9000
2 1 1000
33 5 19000
2 2 419
15 3 2000
-2 2 54
1 0 43
0 1 125
56 1 5000
0 3 105
21 1 12000
0 0 34
1 1 43
0 1 544
0 2 1000
3 1 349
0 0 42
-1 1 59
-1 1 112
1 2 3000
0 2 82
4 2 1000
1 1 32
4 3 1000
14 1 3000
0 1 46
1 0 45
0 2 1000
7 3 316
15 2 20000
1 1 968
8 4 12000
1 5 2000
1 0 12
0 1 33
3 1 5000
2 2 177
0 1 80
2 1 52
0 1 118
0 2 71
4 2 710
-1 1 62
0 1 99
0 3 9000
3 0 280
1 0 248
3 1 2000
0 1 28
0 1 85
0 1 24
4 1 181
0 1 331
1 0 56
1 0 216
5 0 661
0 1 41
0 2 526
0 1 87
165 7 45000
1 0 50
1 2 2000
2 1 83
7 3 4000
-1 2 165
5 1 11000
4 6 6000
18 4 19000
-1 2 58
1 0 424
6 1 557
0 1 33
0 1 278
20 5 18000
0 1 572
0 3 6000
0 1 249
0 1 287
1 1 44
38 13 13000
0 0 37
1 3 3000
3 4 2000
7 1 651
0 1 21
21 4 16000
30 1 7000
4 2 2000
0 2 43
-1 3 40
7 1 13000
0 1 37
5 1 2000
0 1 1000
3 1 2000
1 0 138
1 0 118
8 1 431
3 2 2000
1 1 424
1 3 71
18 5 2000
14 1 7000
1 1 220
2 2 192
3 2 3000
-1 2 392
17 5 24000
0 2 390
0 2 42
11 4 22000
0 0 28
0 1 85
1 1 166
0 1 125
1 1 295
2 1 24
0 0 168
0 1 29
2 1 1000
6 4 5000
7 3 2000
0 0 56
54 20 50000
1 1 57
0 2 81
46 11 28000
1 1 36
0 2 550
0 1 145
1 2 965
0 1 30
0 0 34
2 3 2000
0 1 265
10 4 26000
1 1 692
0 1 60
1 2 40
1 1 39
1 1 2000
0 1 135
10 8 82000
28 12 50000
0 1 17
0 1 50
0 2 3000
1 1 25
18 3 5000
0 2 18000
-1 1 55
1 1 43
0 1 52
9 4 2000
0 2 70
0 0 17
2 2 3000
0 2 200
15 6 10000
74 8 37000
4 4 11000
5 2 2000
0 1 119
1 5 4000
1 1 139
5 1 748
0 2 34
3 2 346
0 1 36
1 1 330
148 8 44000
0 1 33
10 4 2000
0 2 787
0 1 121
9 13 2000
21 7 17000
10 3 2000
0 0 409
0 1 798
35 3 9000
0 1 156
-1 1 39
-1 1 809
0 0 22
1 0 49
67 11 40000
1 0 34
-5 2 59
2 4 1000
2 1 776
0 1 28
0 1 59
4 1 243
1 0 47
0 1 141
0 4 791
0 1 872
0 0 49
2 0 41
2 0 168
0 0 32
35 3 24000
1 1 19
0 1 177
12 2 3000
-2 1 67
1 3 616
-3 1 36
2 1 350
1 1 105
-2 1 25
0 1 196
1 1 140
0 0 94
0 0 193
8 1 429
0 1 120
9 4 16000
14 5 17000
1 1 69
9 2 3000
-1 1 52
2 0 60
0 1 265
0 0 156
21 4 15000
0 1 50
1 1 617
-1 1 188
0 1 22
23 6 25000
2 1 1000
0 0 52
0 1 18
16 2 4000
1 1 38
352 7 174000
8 3 7000
18 3 12000
0 0 96
0 1 191
0 0 77
1 1 35
-2 1 2000
3 5 5000
0 2 70
0 0 26
0 0 30
0 1 19
0 3 6000
0 1 56
4 1 496
28 4 22000
0 0 25
1 1 159
0 0 92
0 1 18
0 0 16
4 1 5000
0 0 327
0 2 45
0 1 219
0 0 20
136 5 103000
285 3 55000
14 1 18000
0 1 205
-1 1 141
2 3 1000
0 2 90
0 0 141
0 2 17
1 0 456
0 1 259
16 4 19000
0 3 280
0 0 22
0 0 55
0 1 112
7 7 8000
0 1 205
0 1 180
2 1 2000
1 1 57
-1 1 275
0 2 25
1 1 50
21 9 26000
3 4 1000
2 4 4000
1 1 77
0 0 83
0 1 1000
24 11 41000
1 0 127
1 0 56
0 0 180
0 1 66
0 2 355
8 1 9000
0 1 170
0 2 48
1 1 113
0 1 37
1 0 24
0 1 166
5 1 1000
0 1 49
0 3 256
7 2 524
0 0 266
20 5 14000
3 1 3000
0 2 502
4 0 175
2 2 1000
1 0 63
4 0 2000
2 3 707
0 1 38
2 1 70
4 3 4000
1 0 16
0 3 618
0 1 263
0 1 73
10 7 19000
0 1 58
32 6 39000
0 1 35
0 1 25
2 1 522
0 0 173
1 0 47
133 22 328000
0 1 81
0 0 30
0 1 338
1 1 62
0 1 31
0 1 91
0 1 203
0 2 83
0 0 31
5 1 399
0 1 14
0 4 2000
13 2 2000
6 6 5000
-1 1 249
2 1 371
10 5 13000
0 1 60
1 1 340
13 2 8000
-1 1 485
2 1 436
1 1 165
-2 1 57
0 3 128
0 1 38
1 2 284
63 8 51000
0 1 37
1 1 4000
43 5 42000
4 2 2000
13 5 36000
14 4 4000
11 1 3000
0 1 96
1 0 60
1 0 626
1 0 50
0 2 45
1 1 2000
8 2 3000
-1 1 292
0 1 193
0 1 151
13 3 2000
17 2 13000
2 0 165
0 1 79
0 0 35
0 1 176
1 1 257
27 3 10000
2 3 7000
-1 2 27
3 0 13000
0 2 50
0 0 26
2 3 2000
0 1 34
2 1 149
0 1 50
2 2 789
0 1 66
0 1 890
1 1 58
1 1 341
0 0 64
1 1 102
0 0 83
32 3 7000
0 1 227
7 6 19000
0 1 179
3 0 39
1 1 22
0 0 351
-1 1 74
3 1 890
2 3 5000
1 0 71
2 2 1000
0 1 20
0 0 491
0 0 23
-1 2 978
0 0 245
2 1 1000
4 4 10000
0 1 62
9 9 10000
1 0 368
0 0 134
0 0 22
3 0 969
1 2 3000
1 0 1000
1 3 596
0 2 121
1 2 363
15 2 16000
1 0 203
-1 2 47
0 2 3000
-1 3 315
0 0 138
0 1 55
3 1 7000
3 0 67
2 1 58
-1 1 26
0 1 75
38 6 46000
1 0 143
0 1 71
35 6 44000
1 0 29
0 1 808
1 1 184
5 1 318
2 0 67
3 0 191
3 1 565
2 1 68
42 6 27000
1 1 1000
213 8 91000
-2 1 209
27 7 11000
1 3 204
2 1 42
2 2 359
1 1 356
13 6 11000
2 0 229
2 1 1000
0 1 308
3 1 266
0 1 113
1 0 32
1 1 70
1 0 2000
3 1 601
0 0 25
0 2 32
50 6 42000
0 1 202
20 5 4000
-1 1 16
1 1 84
0 0 58
0 1 155
0 1 31
3 2 144
0 1 1000
1 0 37
0 1 209
12 4 9000
120 18 392000
0 1 183
1 1 74
65 10 63000
2 2 2000
17 1 4000
5 4 15000
0 0 26
0 0 341
0 1 1000
0 1 61
0 1 51
4 1 2000
0 2 119
-1 2 70
2 3 2000
1 2 1000
6 2 2000
1 1 120
0 2 65
1 0 23
5 3 18000
46 31 28000
1 2 84
125 13 204000
0 1 112
0 1 2000
0 0 87
0 1 332
0 1 330
0 2 745
1 1 91
3 1 94
0 1 537
48 14 39000
2 0 33
150 2 78000
0 1 93
0 1 2000
0 1 261
-2 2 63
5 3 1000
0 1 475
0 1 70
1 0 30
0 0 36
1 0 989
0 1 63
0 1 155
0 1 73
1 0 75
14 4 8000
46 11 79000
0 1 167
2 0 45
1 0 41
0 1 98
-1 1 342
8 0 408
1 0 42
3 2 2000
4 3 1000
1 1 79
3 1 510
7 1 7000
0 1 670
0 2 94
1 1 483
18 11 11000
2 6 285
0 1 205
1 1 742
0 1 58
0 1 212
5 4 2000
15 3 26000
0 1 291
0 1 69
5 1 269
1 1 30
179 11 81000
-1 1 73
0 1 347
2 1 173
0 1 28
0 0 458
2 2 2000
6 3 14000
7 1 5000
1 1 515
2 1 57
6 2 886
33 3 40000
6 4 3000
0 1 55
7 2 2000
0 2 426
0 1 43
0 1 22
304 15 522000
1 1 1000
76 14 50000
80 9 68000
2 1 3000
0 0 196
27 10 11000
11 5 20000
0 1 1000
0 1 129
2 1 356
4 2 2000
0 0 29
0 1 151
0 1 86
0 1 230
-6 1 378
0 1 670
1 0 204
0 1 52
1 1 651
2 1 248
1 1 81
-1 4 2000
5 3 4000
0 2 2000
0 1 331
16 2 8000
-1 1 29
3 1 11000
11 5 6000
0 1 176
1 1 42
-3 1 445
2 0 109
4 4 2000
2 1 4000
4 4 4000
1 2 265
1 1 1000
0 1 27
23 2 16000
3 1 431
3 4 1000
1 2 556
24 3 2000
0 1 260
0 0 166
5 1 3000
1 1 961
1 1 156
0 2 247
0 1 604
0 0 128
1 0 101
7 3 8000
1 0 114
11 1 463
5 1 2000
1 1 2000
-1 1 68
4 1 86
1 2 627
0 0 21
0 2 169
1 1 947
0 0 15
1 1 341
0 2 181
8 3 161
15 4 3000
0 1 796
2 0 596
0 2 440
5 3 2000
1 5 7000
1 0 153
1 0 47
0 1 392
1 2 554
0 0 56
0 1 3000
5 2 2000
0 1 321
1 0 54
270 32 201000
0 1 151
8 2 11000
-1 1 33
144 29 19000
1 0 54
0 0 106
0 1 121
3 2 1000
1 0 9
0 2 37
0 1 67
11 1 2000
1 0 315
-3 1 388
0 1 629
0 3 723
1 0 108
1 0 32
0 1 295
3 1 1000
0 0 42
0 1 20
5 5 6000
0 0 59
0 1 29
-2 1 982
0 0 30
0 1 552
14 3 10000
3 1 636
2 3 2000
2 2 94
1 1 705
0 0 20
3 1 4000
0 0 34
2 0 160
0 1 41
2 1 42
1 0 118
0 1 42
0 2 441
2 0 73
3 3 5000
6 3 3000
1 1 481
20 3 15000
18 5 9000
97 5 25000
3 0 534
-1 1 136
1 0 197
0 1 63
3 1 405
0 0 182
0 1 12
13 1 3000
4 3 2000
1 0 62
1 1 40
3 4 37000
1 1 123
6 2 800
18 1 16000
1 1 324
10 8 16000
1 1 880
3 2 2000
1 0 41
0 0 75
7 1 583
2 0 449
2 2 783
8 3 6000
0 1 318
4 0 844
0 2 172
0 0 118
0 1 403
1 1 26
2 0 536
0 1 278
1 1 100
5 1 1000
57 5 54000
4 1 1000
1 1 536
1 4 7000
1 0 19
0 1 159
0 0 372
1 1 273
0 1 562
5 1 590
42 6 27000
1 0 134
2 1 369
0 2 21
0 1 195
15 4 5000
0 0 39
1 0 219
1 0 327
1 2 57
7 5 33000
0 1 345
19 4 17000
0 0 70
5 1 115
0 1 25
2 3 1000
1 0 124
0 2 4000
0 1 480
0 0 56
2 1 2000
6 1 41000
1 0 124
-1 1 41
0 0 58
1 0 66
0 1 50
2 2 3000
12 4 19000
0 1 43
0 0 23
0 1 154
1 1 1000
0 2 186
2 1 867
0 1 28
6 3 2000
2 2 493
23 2 7000
1 0 145
0 1 44
1 1 404
0 0 26
0 1 426
14 4 6000
0 1 298
0 0 28
1 0 291
3 3 594
1 6 1000
14 3 68000
2 2 8000
1 3 2000
1 1 48
-3 1 547
0 1 30
1 1 31
1 0 98
42 4 398000
27 5 15000
5 1 1000
-2 1 42
0 1 296
5 1 1000
41 4 12000
1 0 28
1 1 175
1 1 89
1 1 29
1 0 535
9 2 4000
0 0 554
1 0 92
0 1 536
1 1 62
1 0 13
5 7 1000
5 4 16000
0 1 263
70 5 31000
8 2 5000
5 3 14000
0 1 51
2 4 698
1 1 2000
9 4 2000
0 1 124
7 5 7000
0 1 237
0 2 32
0 2 274
0 1 94
21 3 9000
3 2 521
1 0 853
5 3 4000
2 3 10000
3 2 574
34 3 1000
0 1 26
1 1 63
1 2 905
32 3 14000
0 0 77
0 1 656
5 2 1000
1 1 212
0 1 338
0 1 299
4 3 4000
0 1 18
10 3 6000
0 1 567
1 0 58
44 12 22000
1 1 545
1 1 209
1 1 236
0 3 707
0 1 606
0 1 24
0 1 326
0 0 107
0 1 29
0 0 22
0 1 53
1 0 60
1 1 149
-3 1 138
0 1 179
4 4 4000
16 7 4000
-1 1 85
0 1 136
2 1 404
-1 1 43
0 1 15
-7 1 131
2 3 1000
0 2 94
-1 1 191
12 2 16000
2 5 2000
1 0 81
-1 1 33
0 1 55
0 3 172
0 1 43
55 1 7000
0 1 35
0 4 94
3 0 61
2 1 418
1 0 275
-1 2 58
2 0 49
2 1 853
2 4 1000
2 0 83
0 1 1000
5 2 7000
211 28 145000
6 5 7000
0 0 102
5 5 665
6 4 6000
1 1 60
2 0 1000
0 0 377
-2 1 16
-1 1 69
0 0 57
0 0 24
388 36 112000
4 5 20000
0 1 32
0 1 638
0 2 55
-1 1 345
1 0 162
37 1 3000
1 1 240
20 3 8000
4 1 1000
3 4 22000
1 2 3000
2 0 507
2 1 631
98 5 144000
8 3 10000
2 3 90
2 1 364
5 1 2000
0 1 111
4 3 2000
0 1 1000
5 1 649
142 10 258000
86 11 41000
0 0 46
3 1 369
9 9 29000
1 1 4000
0 1 114
1 1 2000
0 2 235
3 3 8000
22 9 35000
0 3 1000
3 0 132
1 1 36
0 0 36
8 3 5000
6 3 2000
1 0 55
1 1 21
71 4 18000
0 1 328
2 2 1000
-3 1 394
52 16 27000
10 9 9000
0 1 146
3 2 16000
0 0 18
0 1 154
0 1 55
6 1 501
0 1 325
89 5 82000
1 1 123
-2 5 319
1 2 301
-4 1 46
1 1 446
0 2 3000
4 5 245
-2 1 135
1 1 125
1 1 156
8 3 6000
1 6 605
0 1 132
4 4 837
3 1 327
2 1 122
1 1 181
2 1 395
0 1 40
1 0 55
0 0 53
-2 1 217
14 6 5000
3 1 78
0 1 32
3 1 934
0 1 47
0 0 45
1 2 717
1 2 364
-2 2 3000
22 3 12000
2 3 391
2 1 319
0 2 495
0 2 89
0 1 83
0 1 30
0 1 142
127 4 73000
1 1 599
18 12 16000
0 0 407
5 2 2000
-2 1 146
2 4 1000
2 1 437
2 3 2000
71 4 30000
2 0 78
1 1 537
0 1 60
3 0 89
0 1 39
1 12 9000
0 0 38
-1 1 40
-1 7 34000
1 1 46
38 4 27000
7 2 3000
1 1 87
35 3 11000
2 2 1000
0 1 258
0 2 117
0 1 44
0 0 192
7 2 3000
107 5 148000
3 3 2000
1 3 702
1 1 1000
0 1 50
0 2 1000
0 1 739
0 4 4000
0 0 42
0 2 75
12 2 3000
13 3 15000
1 1 570
0 2 50
2 1 3000
0 1 569
-4 2 6000
1 1 3000
2 3 8000
1 2 154
2 2 867
4 2 2000
7 1 3000
0 1 1000
-4 1 63
-2 2 30
2 1 141
0 1 55
1 1 765
0 2 23
1 1 839
0 1 98
1 1 29
0 0 40
0 2 134
0 1 59
0 0 201
0 2 7000
5 3 3000
1 1 2000
0 1 169
5 0 2000
0 1 43
1 1 26
4 2 318
1 2 697
0 4 64
0 1 53
0 0 328
4 3 2000
38 2 6000
2 1 14
1 1 346
18 9 4000
0 2 16
0 0 126
168 2 123000
1 1 386
0 1 326
0 0 644
0 0 231
1 0 235
15 4 3000
0 1 283
42 3 18000
0 1 30
0 2 53
0 1 74
0 1 68
0 2 1000
6 2 4000
42 6 31000
6 2 1000
0 1 207
0 1 87
1 1 103
1 1 198
2 3 754
0 1 193
68 11 34000
0 0 27
3 4 265
0 1 165
2 1 93
65 9 91000
4 2 2000
0 1 25
1 1 20
9 4 3000
-1 1 26
3 0 133
-2 1 108
0 2 194
0 2 523
1 1 555
1 3 3000
0 1 87
-1 1 455
0 1 51
11 0 330
1 0 56
93 7 80000
4 2 3000
-1 2 72
7 2 9000
1 1 2000
1 3 563
0 1 14
0 3 3000
0 1 75
33 2 31000
1 1 129
2 1 83
0 1 228
0 2 49
1 1 194
29 11 40000
0 1 81
0 0 105
0 2 95
0 1 68
0 1 32
1 1 372
1 1 33
0 1 17
26 15 13000
5 2 3000
0 1 94
1 2 38
1 0 59
0 1 19
0 1 254
1 1 468
0 1 475
4 2 6000
5 1 605
0 3 1000
2 0 694
0 2 1000
1 2 420
24 2 10000
0 0 52
7 7 8000
9 3 11000
0 2 115
0 0 27
0 1 55
2 1 196
1 1 181
0 1 75
2 1 3000
2 1 2000
4 1 1000
25 7 74000
8 2 6000
0 3 91
-1 1 40
0 0 52
14 3 8000
5 1 2000
1 0 295
-1 2 133
0 1 1000
4 1 379
1 0 69
5 1 827
3 1 2000
0 0 80
1 2 63
26 2 11000
2 1 135
0 1 230
10 2 2000
0 2 35
2 2 453
1 2 1000
1 1 816
1 1 39
44 12 42000
30 2 11000
1 3 1000
0 2 389
0 3 246
6 1 12000
0 0 85
3 4 5000
0 3 2000
1 1 73
10 8 14000
0 1 95
1 3 1000
-1 2 25
0 0 60
1 1 212
28 12 52000
1 0 368
0 0 177
2 2 741
0 1 76
1 1 134
19 6 6000
1 1 300
1 0 161
-1 1 69
1 1 1000
0 1 187
2 2 2000
1 1 132
0 1 251
1 1 1000
1 1 139
0 1 122
0 1 985
1 2 62
0 1 44
0 0 20
0 0 47
0 1 150
0 0 16
0 1 223
11 2 3000
0 1 137
53 5 26000
4 3 3000
6 1 1000
0 2 119
4 0 534
1 1 118
0 1 353
-2 2 76
2 1 774
5 3 2000
1 0 182
7 1 6000
5 6 2000
0 1 313
2 2 3000
18 2 25000
0 0 516
0 1 122
0 0 38
-2 1 153
-1 1 30
1 0 90
-2 1 431
0 1 140
-3 1 35
0 1 53
19 4 26000
2 2 1000
0 1 400
-1 1 45
0 1 78
1 1 356
8 1 9000
15 2 10000
9 1 4000
1 3 39
0 1 215
0 1 136
1 1 742
0 1 46
1 2 405
0 1 75
0 1 48
0 0 88
27 4 89000
0 0 297
0 1 161
1 1 194
0 1 1000
0 0 32
0 0 96
0 1 212
6 1 375
0 1 204
7 2 13000
2 1 210
-1 1 30
7 3 6000
3 4 1000
15 2 18000
0 0 51
2 3 6000
4 1 682
0 1 176
1 1 48
0 1 80
0 1 35
2 3 16000
1 0 205
9 4 378
20 6 61000
0 1 413
1 1 4000
4 2 236
1 0 314
1 2 334
1 1 17
0 2 68
1 0 12
3 1 385
0 1 77
0 1 25
7 2 2000
0 1 64
3 1 5000
1 1 267
2 1 431
0 0 112
33 1 83000
-1 1 25
2 1 824
24 9 23000
11 2 11000
3 0 597
1 1 35
0 5 2000
9 10 6000
0 1 197
1 1 294
6 1 1000
4 1 5000
2 1 2000
1 1 1000
0 0 202
5 1 1000
0 2 44
3 0 640
0 1 54
7 3 3000
1 1 610
0 0 22
2 1 762
1 0 90
2 2 1000
1 1 28
2 1 181
0 1 54
9 7 17000
3 2 525
0 2 4000
0 1 703
1 1 1000
4 1 476
0 1 71
4 3 952
-2 1 170
0 1 393
1 2 2000
1 3 2000
-2 2 2000
0 2 142
0 1 44
0 1 237
0 1 41
2 2 5000
44 1 1000
1 0 27
11 4 4000
0 1 892
0 0 123
2 1 216
0 1 50
4 1 7000
0 1 323
0 1 36
0 1 41
2 3 3000
36 20 4000
1 1 63
-1 2 540
1 2 595
0 1 374
0 1 71
14 6 17000
0 1 512
0 1 46
12 6 50000
0 1 359
2 0 206
0 1 1000
5 1 1000
0 0 370
8 0 1000
2 1 93
8 2 1000
25 3 5000
0 1 41
13 1 4000
0 4 155
0 2 782
1 2 812
0 2 590
14 2 12000
0 2 71
0 1 284
0 0 737
5 3 7000
4 0 205
0 2 629
0 2 290
0 1 511
0 1 60
0 0 19
0 1 453
26 3 21000
0 2 30
0 1 606
4 2 3000
0 1 25
111 13 172000
1 1 1000
0 1 73
0 1 241
3 1 538
0 1 839
1 0 101
2 0 85
0 5 1000
4 1 355
10 3 7000
23 16 46000
0 2 326
0 2 29
1 0 46
1 2 674
1 0 155
1 1 227
5 3 299
0 1 227
0 1 2000
0 2 147
1 2 351
2 1 1000
-1 1 1000
0 0 294
1 2 1000
0 0 266
3 2 7000
3 2 222
2 1 304
12 4 12000
2 1 853
1 2 4000
9 5 7000
17 1 3000
-2 1 378
0 0 146
0 1 23
2 1 1000
4 8 9000
0 1 56
0 1 1000
0 2 884
2 1 2000
1 1 32
0 1 961
0 1 32
2 1 461
0 1 173
0 1 424
0 1 202
1 0 80
0 1 47
0 1 69
1 2 2000
0 1 57
0 1 459
1 1 1000
0 1 277
0 0 567
-2 2 822
3 0 688
1 2 149
1 1 514
0 1 375
19 2 5000
0 1 91
5 2 1000
1 1 666
18 1 956
2 1 184
0 0 20
1 1 385
-1 1 61
1 2 74
10 3 564
0 1 243
5 3 3000
1 0 33
1 1 548
4 0 115
4 3 693
8 8 4000
1 1 82
1 1 1000
2 0 120
9 2 9000
9 2 3000
1 2 367
1 1 963
4 1 9000
0 1 2000
2 2 1000
3 3 3000
12 3 16000
32 8 32000
-2 1 78
16 10 21000
1 4 8000
70 8 36000
1 2 288
2 4 1000
8 4 631
-1 1 42
0 2 232
0 1 418
5 3 3000
2 2 3000
3 1 2000
1 1 165
2 1 282
1 1 242
0 1 19
18 7 18000
1 2 91
35 4 23000
4 4 5000
0 0 26
-1 1 147
1 1 305
1 1 717
0 1 105
64 6 18000
-1 1 3000
1 1 426
0 2 705
0 0 95
1 1 457
0 1 25
1 2 41
2 2 115
3 4 6000
1 1 244
18 3 7000
2 0 159
0 1 80
3 1 5000
0 0 34
8 3 19000
0 1 39
0 0 122
0 1 107
3 2 902
4 6 2000
1 0 67
1 1 210
3 1 687
1 1 270
1 1 511
0 0 41
0 1 2000
1 3 320
0 1 591
0 4 104
1 1 933
0 4 2000
0 1 44
-1 1 58
4 1 1000
1 1 749
0 1 42
0 3 1000
-2 1 25
2 1 33
4 1 245
9 1 211
0 1 42
0 1 438
3 2 5000
4 1 2000
1 2 1000
0 1 326
3 1 131
2 1 339
-1 1 1000
110 9 211000
0 1 187
0 1 122
8 2 14000
1 2 655
0 1 39
1 1 141
-1 1 806
12 4 5000
-4 1 126
0 0 41
0 3 305
0 0 121
1 3 630
0 2 76
0 0 52
0 1 151
4 1 4000
5 5 8000
2 0 175
0 0 41
1 1 36
-1 1 679
0 1 53
0 2 40
0 0 100
1 0 721
0 1 51
0 0 77
6 6 6000
1 2 2000
1 1 2000
0 2 109
1 2 138
23 1 4000
1 2 868
1 2 1000
0 1 99
0 1 63
2 0 735
0 1 35
0 1 165
0 2 1000
6 4 2000
25 3 15000
1 4 3000
0 1 22
0 1 61
6 3 2000
0 1 47
0 1 34
0 1 72
5 3 2000
0 1 45
4 2 6000
0 0 28
22 2 34000
104 2 83000
1 0 254
0 2 30
-1 1 31
1 0 64
0 0 42
0 1 97
0 1 169
0 1 103
0 0 165
2 1 3000
0 1 19
5 2 4000
0 1 224
3 1 772
-1 3 294
2 1 56
-2 1 250
1 1 503
1 1 329
1 1 2000
0 1 89
16 9 44000
76 8 107000
0 1 865
1 4 632
9 1 879
0 1 303
11 2 2000
26 4 5000
0 0 31
1 1 429
1 1 205
0 1 51
5 4 18000
9 4 5000
-2 1 79
0 1 1000
1 0 167
1 0 23
0 6 607
1 1 250
-3 1 774
1 0 64
2 1 1000
5 4 8000
1 1 321
1 1 4000
0 1 120
8 1 564
0 0 60
18 4 3000
11 4 12000
1 0 69
1 0 349
1 0 14
1 1 3000
4 1 460
1 3 468
6 4 9000
-2 1 569
10 3 8000
0 1 142
0 0 138
0 1 103
2 0 206
5 1 232
0 1 33
6 2 5000
1 1 39
-1 1 405
209 45 969000
0 0 248
0 1 928
1 0 80
4 1 6000
1 1 451
8 4 10000
4 4 3000
1 2 4000
0 1 14
9 1 168
0 2 93
-1 1 45
21 4 9000
0 1 61
6 3 10000
0 0 25
5 1 577
0 1 100
0 3 2000
1 0 440
2 1 410
0 0 42
7 2 1000
1 0 522
1 2 43
0 0 78
0 2 62
1 0 84
0 1 676
2 1 4000
-2 3 988
44 9 34000
3 3 2000
5 2 3000
7 6 6000
0 0 23
1 1 190
0 1 26
0 2 164
7 4 4000
11 12 1000
5 0 638
1 2 101
0 1 68
0 1 39
4 2 187
1 1 160
2 1 813
1 0 53
9 2 7000
15 7 16000
8 2 3000
16 1 4000
8 0 103
2 3 4000
4 1 2000
0 2 455
9 1 1000
0 1 84
0 1 15
1 1 49
0 1 1000
15 2 18000
1 1 336
0 1 293
0 1 269
1 2 231
9 4 20000
0 0 54
12 2 9000
19 5 8000
1 1 87
1 0 260
2 0 297
5 1 132
0 2 344
0 1 49
10 4 17000
1 0 55
3 1 1000
3 1 265
1 0 388
0 1 31
0 1 25
5 4 1000
0 1 24
-1 1 75
0 1 5000
-1 1 48
0 2 53
0 0 270
-1 1 50
-1 2 339
0 1 343
1 2 7000
38 33 8000
44 9 73000
0 1 37
0 2 65
32 8 25000
21 5 8000
0 1 78
0 2 50
0 0 89
-3 1 81
0 1 69
0 4 682
1 1 507
1 2 475
7 2 4000
-1 5 42
9 2 16000
0 0 35
0 0 149
0 2 282
0 0 585
1 1 245
0 1 710
1 1 85
1 1 124
-2 1 9
0 2 91
2 0 135
-3 1 358
0 1 24
-4 1 66
4 3 4000
2 1 123
0 1 1000
0 1 152
0 1 1000
0 1 32
1 0 57
7 1 2000
4 3 2000
6 3 34000
1 2 21000
1 3 3000
0 1 191
2 1 50
0 1 25
14 3 1000
2 1 318
2 2 3000
0 0 13
0 1 306
0 2 22
3 3 4000
2 1 1000
5 3 3000
1 1 66
5 1 5000
0 1 2000
21 5 17000
0 0 31
2 2 5000
0 1 37
0 1 75
0 1 81
2 1 148
19 6 6000
3 2 3000
7 2 7000
1 0 42
6 2 4000
0 0 55
-2 1 300
0 1 154
3 2 394
0 1 406
-1 1 172
0 1 29
13 2 13000
0 1 2000
7 2 4000
1 1 83
0 1 449
0 0 105
1 0 15
5 3 1000
0 1 663
0 0 75
14 3 9000
2 2 2000
8 1 737
1 2 962
0 0 43
1 1 500
0 1 80
12 4 7000
60 8 43000
0 0 23
0 0 26
1 1 709
1 0 10
3 1 1000
3 3 538
6 3 1000
3 1 1000
2 7 7000
4 8 9000
6 2 2000
1 1 126
1 0 569
2 1 166
1 3 57
0 2 596
1 1 104
14 5 10000
1 2 86
3 1 3000
3 1 717
1 1 159
1 1 102
3 1 4000
21 1 3000
5 2 749
53 4 26000
0 0 53
-1 1 36
14 5 34000
1 2 2000
4 1 1000
0 0 43
0 2 40
2 2 1000
0 1 77
0 0 69
4 1 2000
0 1 607
11 2 5000
7 7 9000
2 1 72
0 0 20
4 1 217
10 2 1000
2 1 131
0 1 233
0 0 177
1 1 2000
9 1 621
0 1 227
2 0 99
37 3 37000
1 0 28
1 2 136
0 1 3000
11 2 499
0 0 29
0 1 34
0 0 306
0 1 28
1 1 89
15 5 11000
0 1 52
1 1 27
1 3 919
8 4 3000
-1 2 426
1 1 2000
20 26 11000
1 1 42
1 2 86
5 6 7000
0 3 2000
-1 1 178
0 1 224
0 1 35
4 5 3000
1 1 810
1 1 249
0 1 1000
0 0 56
0 1 75
1 1 313
0 0 24
0 3 300
3 5 825
0 2 182
6 3 2000
1 1 240
11 14 16000
3 1 813
0 1 55
0 1 41
1 1 1000
4 2 3000
21 12 2000
0 1 78
2 1 379
3 1 4000
0 0 57
0 1 101
7 5 13000
2 2 97
1 2 10000
20 4 32000
0 3 38
2 6 18000
1 4 1000
0 2 2000
0 2 3000
0 2 994
2 2 3000
1 0 64
3 1 865
0 1 2000
0 1 353
2 1 2000
0 1 78
22 2 7000
2 1 132
0 1 16
8 6 15000
1 1 338
0 1 2000
0 1 3000
-1 1 29
5 1 834
88 6 35000
4 6 1000
1 1 40
3 4 7000
1 2 2000
1 1 3000
0 0 20
0 1 521
0 2 107
1 1 897
4 3 450
0 0 85
0 1 195
0 1 1000
0 1 814
0 1 153
2 3 2000
2 0 35
0 1 174
3 4 840
22 5 9000
20 1 11000
1 4 366
0 1 53
0 1 80
1 2 113
0 2 518
22 3 12000
0 2 490
0 1 44
2 2 607
1 1 39
0 1 188
1 1 30
0 1 62
1 1 151
2 2 1000
11 6 9000
2 1 262
-1 1 182
2 0 93
5 2 5000
3 2 3000
0 0 17
0 0 1000
-3 1 35
0 2 2000
1 1 214
6 1 2000
1 1 2000
1 0 113
3 2 811
3 3 15000
0 1 1000
4 1 5000
2 1 457
0 1 391
0 2 424
0 1 36
1 0 19
2 1 271
0 1 2000
0 1 49
1 2 119
0 2 512
3 1 2000
-1 1 34
0 1 86
0 2 278
3 1 69
6 1 4000
6 17 59000
1 2 608
0 1 509
0 0 161
2 2 142
1 0 313
10 1 10000
13 2 8000
1 0 30
0 0 26
1 0 220
2 1 267
2 1 136
3 1 2000
0 1 534
1 0 975
0 0 106
0 1 61
0 1 27
2 2 851
1 2 295
5 2 594
0 1 17
1 1 78
1 2 224
1 1 118
1 0 19
2 0 179
4 2 4000
1 0 47
0 1 105
3 0 108
0 0 42
0 3 273
4 2 25000
2 3 5000
0 2 92
0 1 274
1 1 1000
19 3 5000
0 2 2000
1 3 701
0 1 32
58 16 19000
0 0 137
1 1 216
1 1 378
3 3 5000
4 3 5000
1 1 39
0 1 35
1 1 83
1 10 466
8 1 2000
3 4 15000
26 4 23000
1 1 647
0 1 208
2 1 104
8 1 3000
2 1 143
0 1 183
0 0 29
0 1 17
0 1 542
1 1 476
46 8 172000
7 5 4000
0 1 83
0 1 745
12 4 46000
0 1 401
7 2 4000
1 4 7000
38 4 23000
-1 1 48
7 6 6000
0 1 106
65 7 26000
2 0 923
1 2 590
1 0 253
40 1 7000
1 1 571
0 1 573
1 1 276
2 0 446
8 1 2000
2 0 45
0 0 78
1 11 7000
3 3 281
0 3 1000
1 2 1000
0 0 2000
4 3 3000
-1 1 169
2 2 483
1 1 303
0 1 416
-5 2 153
1 1 3000
0 0 46
0 1 56
0 1 55
0 1 33
9 3 2000
3 2 2000
3 2 329
0 0 17
1 2 3000
0 1 298
0 0 87
0 2 281
0 4 324
7 3 13000
0 3 96
0 0 95
16 2 397
3 1 2000
0 0 146
1 1 1000
2 2 1000
1 0 325
1 1 58
2 1 277
0 1 57
0 1 1000
1 1 4000
3 3 265
1 0 31
0 1 25
0 1 372
0 1 611
1 0 34
7 1 4000
5 1 2000
2 1 388
37 3 34000
4 1 146
42 10 6000
0 0 266
1 1 282
2 1 283
0 2 54
0 1 1000
0 1 293
63 10 22000
0 1 47
5 3 2000
0 1 278
0 0 30
1 1 108
3 0 2000
4 2 2000
0 1 65
0 1 67
2 3 767
-2 2 135
0 1 58
13 2 4000
13 1 7000
0 0 25
10 3 17000
-1 2 35
0 1 1000
0 2 66
0 1 53
7 3 3000
2 2 75
1 1 56
-1 3 2000
4 2 213
0 1 42
0 3 217
0 1 25
5 1 3000
-2 2 57
2 3 516
1 2 241
3 1 2000
2 1 199
4 1 3000
1 4 146
2 1 2000
-1 1 65
1 3 346
1 1 109
0 1 55
6 0 688
1 1 4000
1 1 850
4 3 1000
4 1 4000
9 2 607
3 0 49
2 1 1000
0 2 215
0 1 44
0 2 63
0 1 307
-2 1 1000
15 1 1000
0 1 19
3 1 659
3 2 48
3 2 232
-1 1 617
2 1 719
-1 2 79
-3 2 95
6 0 572
0 1 78
0 1 50
0 1 555
0 1 254
41 3 9000
0 1 712
0 1 132
2 2 2000
1 4 3000
5 0 93
-1 1 27
1 3 4000
3 2 2000
0 2 692
0 1 176
-4 1 48
1 0 58
0 1 177
0 0 79
0 0 31
-1 1 733
9 2 8000
0 1 123
2 3 2000
2 1 184
12 3 4000
1 1 57
0 1 90
1 1 924
2 0 189
0 1 235
1 0 17
0 1 2000
1 3 774
3 0 202
1 0 303
3 2 615
2 1 745
8 1 871
4 1 637
-1 1 108
-1 3 39
1 1 29
0 1 256
1 0 48
20 2 34000
2 1 356
2 2 141
8 2 2000
0 1 196
-2 2 813
0 1 592
0 0 29
46 10 28000
0 1 407
12 10 24000
0 1 195
1 1 92
4 1 473
4 1 733
0 0 54
1 1 183
1 1 2000
-1 2 173
0 1 112
2 1 166
1 0 275
57 6 28000
0 2 646
2 1 2000
0 1 173
1 3 7000
1 2 849
0 1 55
2 1 1000
3 1 562
2 1 95
26 4 38000
5 2 4000
0 1 178
0 0 110
11 3 5000
0 1 568
1 2 290
8 1 8000
0 1 59
3 1 7000
0 1 58
-1 1 153
0 1 58
7 1 2000
1 0 47
0 0 157
9 4 7000
2 3 444
2 1 74
0 2 1000
1 0 466
6 9 7000
34 3 10000
0 2 202
0 1 182
-2 1 57
1 1 89
1 1 42
9 2 5000
0 1 684
2 1 7000
0 2 40
7 3 3000
0 1 181
2 0 115
0 2 760
1 1 203
1 1 492
0 1 175
-1 1 36
1 1 45
0 1 61
-4 1 96
4 0 95
8 4 30000
2 0 457
5 4 8000
-1 1 30
1 2 498
0 0 18
1 0 149
17 11 30000
1 1 166
5 6 10000
13 2 8000
1 1 397
22 4 19000
0 1 267
46 8 8000
1 1 1000
0 1 1000
17 11 11000
3 0 99
0 1 59
0 1 48
-4 1 35
0 1 49
0 4 2000
3 1 689
0 1 1000
1 4 1000
0 1 18
4 1 422
-3 3 155
0 1 50
5 3 8000
1 1 1000
0 0 32
5 4 5000
3 3 2000
10 12 17000
0 1 348
0 1 34
81 22 131000
2 1 728
0 1 749
3 2 118
5 1 474
0 1 122
4 3 2000
0 1 54
0 1 65
1 1 150
0 1 163
0 1 103
0 1 57
0 1 97
0 1 325
1 1 61
2 1 3000
0 1 23
0 1 1000
1 0 238
0 2 768
0 1 45
32 7 30000
1 2 552
2 1 644
0 1 47
4 0 192
0 0 137
2 7 19000
10 1 2000
1 0 82
-5 5 675
1 1 197
3 2 4000
1 1 705
5 2 893
8 9 52000
2 2 1000
1 2 150
0 0 49
1 1 51
11 2 3000
-1 1 44
0 1 106
-1 2 187
0 2 763
1 0 146
0 4 3000
1 1 643
11 3 21000
1 1 49
1 2 264
5 2 4000
-4 3 26
6 2 475
-1 1 31
9 10 12000
0 2 254
1 0 61
0 1 24
0 0 779
10 11 2000
1 1 125
1 2 986
0 1 104
0 1 100
24 6 16000
5 7 3000
15 3 7000
17 5 43000
2 0 1000
0 1 175
3 4 3000
16 3 8000
0 1 672
-1 1 381
1 2 96
-1 1 250
0 0 52
0 1 124
2 1 235
9 3 850
1 1 360
0 2 230
2 1 3000
1 1 385
-3 1 129
2 1 329
0 2 154
0 0 13
0 2 401
8 3 2000
3 6 6000
7 2 2000
1 0 135
3 1 68
4 4 6000
5 0 1000
7 1 2000
-1 1 305
1 2 61
4 0 117
0 0 69
1 1 71
0 2 1000
0 2 334
1 2 2000
15 2 204
0 1 604
0 1 442
0 1 19
0 1 53
2 1 44
2 1 401
-5 2 52
2 3 2000
0 1 381
0 5 3000
6 3 3000
0 0 64
8 2 24000
0 1 134
0 1 41
1 0 169
0 1 341
1 2 501
1 1 39
0 0 62
0 0 53
9 5 3000
2 4 5000
0 8 2000
0 1 62
0 1 120
0 1 2000
15 4 15000
0 4 905
7 4 3000
0 2 410
1 1 271
0 2 280
1 2 397
27 15 33000
2 1 57
1 2 62
1 0 60
-2 2 259
1 1 233
4 1 90
14 8 6000
3 4 3000
16 4 25000
29 5 15000
0 1 22
1 1 30
0 1 35
7 4 6000
0 2 1000
0 1 148
5 0 630
9 2 9000
0 1 571
2 1 871
2 7 4000
0 1 250
10 2 2000
-2 1 446
0 1 132
-1 4 202
-2 1 522
4 6 3000
0 1 1000
8 1 5000
0 0 81
0 1 664
0 1 18
1 0 71
4 7 324
0 2 30
0 2 3000
0 1 64
3 0 131
0 1 3000
1 2 2000
6 1 3000
0 0 625
0 1 31
0 2 67
2 2 32
0 1 319
15 2 1000
3 1 65
1 1 261
0 3 4000
0 1 240
0 0 13
11 1 13000
154 12 92000
1 0 204
3 1 15000
3 0 74
0 0 196
0 3 178
1 1 594
1 0 568
-5 1 115
23 6 12000
3 0 999
3 4 6000
34 5 20000
1 1 55
1 1 2000
2 1 4000
2 4 3000
1 1 2000
1 0 70
3 3 1000
2 1 6000
1 1 88
7 1 2000
5 1 387
9 3 3000
1 1 48
0 2 301
0 1 218
-1 1 38
0 1 26
0 1 47
4 5 4000
4 2 696
3 2 265
2 1 1000
0 0 503
0 1 44
1 1 445
-1 5 13000
1 1 38
28 2 11000
1 1 1000
15 3 11000
1 0 22
3 1 7000
7 2 5000
2 4 164
0 3 5000
8 1 2000
7 3 28000
51 5 123000
64 13 30000
1 1 131
0 1 62
0 3 1000
2 1 1000
0 3 146
6 2 2000
1 2 261
1 1 55
1 1 78
23 1 33000
7 12 3000
4 2 7000
0 2 143
9 1 6000
0 1 94
86 12 17000
2 3 52
-3 1 151
8 5 10000
0 2 29
1 3 430
-1 1 1000
6 1 7000
0 1 181
2 0 143
62 4 20000
5 4 3000
2 1 1000
0 1 289
1 0 62
18 4 40000
0 2 867
3 2 6000
2 1 709
0 1 59
58 7 27000
1 6 6000
4 3 107
2 3 2000
0 1 521
4 1 923
1 1 594
0 1 88
0 1 793
0 3 712
0 0 44
0 3 1000
1 1 253
0 1 415
2 0 222
1 1 92
1 2 283
0 1 173
0 0 41
1 1 925
1 1 2000
0 1 24
0 0 37
2 1 272
0 1 100
14 1 6000
4 3 6000
2 2 1000
1 0 27
2 1 3000
0 2 44
2 0 45
1 0 71
4 3 30000
1 1 596
14 5 16000
0 1 49
7 1 4000
2 0 37
0 1 55
1 1 26
1 2 166
2 0 109
3 3 3000
42 14 29000
9 3 19000
1 0 140
1 1 69
-2 1 107
0 1 184
1 0 72
0 1 916
1 1 58
5 1 2000
1 1 385
0 1 120
0 2 756
2 1 4000
1 1 53
2 1 499
0 0 365
72 9 45000
2 0 59
2 1 752
2 2 767
-1 1 53
1 0 346
8 2 4000
7 2 7000
0 2 405
0 0 16
0 2 695
0 1 98
1 0 33
4 4 3000
2 1 949
1 2 2000
-1 1 22
0 1 197
1 0 82
-3 1 26
1 1 342
4 5 393
0 1 128
2 1 468
1 1 42
7 9 2000
2 1 93
-1 1 43
0 2 112
0 0 127
4 1 956
0 3 4000
3 2 54
1 1 773
0 1 104
1 2 7000
11 2 11000
0 2 81
13 4 28000
3 0 3000
1 0 49
0 1 218
0 1 58
0 2 43
17 1 392
3 1 3000
0 1 688
0 0 512
2 1 750
0 0 292
16 1 3000
0 1 213
0 2 611
0 2 53
1 0 82
8 4 9000
0 2 17
6 2 4000
-1 2 1000
8 1 318
0 1 841
0 1 44
2 1 2000
0 0 719
1 0 108
0 1 103
1 1 127
1 1 68
0 0 232
0 2 3000
14 5 8000
-1 1 2000
10 2 3000
2 0 789
24 5 9000
1 0 174
0 1 72
18 2 4000
0 1 350
1 1 24
2 1 242
5 0 576
1 2 2000
2 1 8000
5 1 2000
1 0 303
0 1 791
0 2 118
8 3 10000
3 0 397
0 0 59
5 1 9000
0 2 8000
1 0 52
32 9 12000
2 2 360
-1 2 128
31 22 19000
8 7 2000
1 1 326
11 4 28000
30 15 30000
0 1 53
1 0 29
9 9 51000
2 1 2000
0 2 589
5 1 1000
1 1 293
4 4 4000
2 1 87
7 6 2000
2 1 259
0 1 250
2 1 551
2 5 1000
-2 1 195
3 3 6000
0 0 22
1 2 1000
0 2 56
1 1 547
2 0 60
0 0 141
3 2 733
0 1 30
1 3 435
0 1 35
0 1 93
12 4 3000
35 9 82000
3 1 197
3 1 394
4 2 4000
4 1 883
-3 2 298
2 0 4000
3 0 83
2 1 304
0 1 23
0 1 54
0 2 983
0 2 2000
14 1 5000
0 1 68
1 1 170
1 1 306
1 0 1000
0 1 250
0 1 311
0 3 3000
5 4 11000
1 0 53
3 1 201
0 2 174
0 1 217
-5 3 1000
62 10 138000
1 3 132
0 1 1000
18 5 22000
6 2 11000
0 1 633
0 0 14
1 2 200
2 0 50
-1 1 30
1 2 1000
0 1 562
0 1 383
0 1 271
9 1 7000
8 2 22000
7 2 2000
4 3 315
5 5 3000
2 3 219
3 2 113
9 4 16000
9 2 595
3 1 1000
4 1 562
21 7 8000
1 1 4000
0 1 20
1 1 28
0 0 273
2 3 372
16 3 10000
0 0 373
0 1 29
0 0 161
2 1 596
1 8 133
0 1 128
0 1 348
0 1 509
0 1 699
3 3 645
2 1 1000
0 0 13
2 2 66
9 16 933
7 5 16000
0 1 201
0 1 363
0 1 65
1 2 2000
2 1 1000
0 3 36
0 1 192
10 3 2000
-2 1 396
2 3 894
0 1 169
2 1 4000
11 4 6000
-2 1 63
0 1 220
1 2 251
32 7 28000
1 1 52
-1 1 39
0 1 110
1 0 23
4 1 1000
11 11 11000
1 1 28
4 4 7000
7 1 622
0 1 62
-1 1 2000
4 1 391
0 1 291
3 0 178
4 3 5000
0 1 246
0 0 81
10 2 3000
0 1 126
0 0 334
4 0 418
0 2 3000
1 2 454
-2 1 45
1 1 63
0 0 162
0 1 131
5 3 11000
0 1 22
9 5 3000
0 1 34
4 3 2000
2 2 3000
0 2 48
7 11 8000
-1 1 2000
14 8 4000
0 1 28
4 5 3000
2 1 2000
2 0 396
1 2 1000
0 0 160
0 1 382
45 10 79000
1 1 455
1 0 67
-2 2 498
1 3 169
1 1 764
0 0 275
4 1 2000
2 0 743
-1 1 42
-1 1 409
0 1 202
1 3 2000
2 1 3000
2 2 175
0 2 164
10 4 13000
0 1 276
2 2 176
1 0 29
0 1 44
3 1 2000
-1 2 109
1 1 427
0 1 26
0 0 357
11 3 10000
16 2 33000
1 0 1000
1 1 4000
6 4 1000
9 1 8000
0 1 32
1 1 965
0 1 136
1 1 409
2 0 198
1 1 337
1 0 222
0 1 439
6 1 1000
0 1 28
87 4 37000
3 0 573
0 0 286
-2 1 230
1 4 100
1 1 4000
1 1 19
1 1 737
0 1 81
2 0 373
0 0 25
0 1 69
0 1 35
11 4 9000
-1 1 298
2 2 3000
2 1 62
0 1 218
0 0 46
17 2 15000
-2 4 446
0 1 258
4 4 3000
1 1 457
0 2 797
0 1 58
1 0 466
4 3 70
1 1 609
0 2 2000
14 1 2000
0 1 56
15 2 931
2 5 3000
0 2 31
1 2 56
2 4 167
1 1 65
1 1 64
2 3 1000
1 2 508
1 2 2000
5 1 11000
1 2 144
0 1 5000
1 0 553
1 0 37
3 0 648
0 0 43
1 0 81
1 0 34
5 1 8000
1 1 4000
0 1 47
0 1 135
27 3 2000
5 1 699
0 1 304
0 2 988
0 1 123
18 3 6000
3 3 2000
38 18 9000
41 7 56000
0 1 75
3 2 1000
0 1 335
0 1 88
1 1 25
-4 1 1000
13 2 4000
-3 2 550
9 4 17000
0 1 493
4 1 4000
0 1 211
0 2 1000
1 2 343
0 0 419
0 0 129
7 1 609
0 3 135
22 3 6000
0 0 53
2 2 621
0 0 25
0 3 409
1 1 389
2 1 132
0 1 991
0 2 97
3 2 9000
3 2 86
6 6 2000
2 4 1000
1 0 21
3 2 2000
3 2 445
2 2 2000
4 2 3000
0 1 122
1 1 5000
1 1 534
19 2 7000
0 1 256
6 2 19000
3 1 563
1 0 1000
9 2 227
216 11 164000
-1 1 439
1 1 68
0 1 221
1 3 38
2 0 146
6 4 3000
6 1 2000
5 2 706
12 9 25000
0 0 55
-1 1 46
1 0 73
-1 1 29
1 1 113
0 0 24
9 1 9000
0 1 32
0 3 271
0 1 427
-1 1 89
0 1 62
17 6 17000
0 1 46
0 2 450
3 1 97
0 2 405
-1 1 17
41 8 62000
3 1 1000
1 1 995
3 4 25000
8 6 3000
1 3 97
2 5 2000
1 1 297
0 0 131
5 1 1000
0 1 31
21 2 14000
0 2 2000
1 4 2000
9 2 656
3 7 505
25 1 3000
1 0 79
1 1 2000
3 5 2000
1 0 163
1 0 205
0 1 2000
48 1 30000
11 2 114
1 0 226
1 1 181
57 16 51000
0 2 602
5 2 571
5 3 4000
11 1 6000
-1 1 63
3 3 194
3 0 331
7 1 1000
0 1 384
6 3 3000
1 1 271
0 1 14
3 4 6000
-1 1 661
0 1 71
-1 1 115
3 1 587
0 1 93
5 5 6000
1 3 215
0 2 965
0 1 635
3 1 725
1 1 24
0 1 217
2 2 2000
1 1 100
8 1 471
1 2 951
-2 3 5000
0 1 55
2 2 576
1 2 574
1 1 177
0 1 588
0 2 320
0 1 34
4 3 211
5 2 781
0 2 1000
4 1 178
1 1 1000
3 1 231
1 2 2000
12 2 3000
0 1 346
0 2 5000
0 2 402
0 0 284
1 2 1000
0 1 106
6 2 304
2 3 3000
4 13 4000
1 1 68
2 0 313
0 2 4000
2 0 394
0 3 783
1 1 329
0 1 34
1 1 280
0 1 33
2 1 810
0 1 21
2 1 120
4 2 360
1 1 2000
0 1 52
1 1 500
12 7 8000
0 1 198
0 1 58
1 1 892
1 1 709
-2 1 331
0 1 23
0 1 817
0 1 87
0 1 32
1 1 653
0 1 38
3 2 2000
0 1 511
19 1 31000
13 1 7000
0 1 131
4 1 1000
33 2 8000
14 3 6000
0 1 2000
0 1 317
1 1 47
1 1 534
1 1 588
1 1 106
1 1 221
2 3 1000
0 2 2000
0 1 543
2 1 521
0 1 358
3 3 670
0 1 115
24 7 25000
0 1 127
0 1 344
1 1 2000
18 6 10000
13 6 18000
-1 1 606
0 1 189
1 0 59
1 2 5000
0 1 758
1 3 262
2 0 6000
0 0 224
0 0 657
16 7 1000
1 1 752
3 1 8000
0 2 457
0 0 869
2 4 1000
0 1 407
34 1 44000
2 5 3000
0 1 11
15 6 12000
1 3 480
0 2 170
1 0 122
1 1 167
3 0 111
0 1 228
6 7 9000
0 0 58
1 1 1000
3 1 518
4 3 5000
0 2 502
5 6 2000
0 2 360
8 1 6000
2 0 187
-4 3 775
0 1 261
0 1 65
-2 1 3000
0 1 43
14 3 22000
0 1 65
1 1 30000
7 2 13000
0 1 953
33 3 25000
1 1 876
1 2 68
2 1 123
8 14 3000
0 3 1000
0 1 24
7 3 7000
1 0 465
3 0 701
14 1 14000
0 2 356
1 1 201
0 0 33
4 1 4000
4 1 866
1 1 73
3 1 3000
0 4 567
1 0 171
3 10 10000
1 0 489
0 1 22
26 2 9000
3 1 199
15 4 9000
4 1 2000
1 1 3000
0 0 773
1 4 2000
7 1 9000
-3 1 92
3 1 13000
3 1 181
0 1 79
0 1 155
4 2 10000
8 0 289
0 0 625
0 0 47
3 6 2000
0 0 233
-6 1 2000
-2 1 1000
0 0 401
7 2 2000
2 0 906
1 0 336
0 1 1000
-1 1 21
1 1 1000
0 1 182
0 0 34
1 1 698
-2 1 143
0 2 446
1 1 589
0 1 40
0 1 376
1 2 3000
6 6 6000
1 1 930
-2 1 50
0 1 117
0 1 43
8 3 4000
3 2 2000
3 2 740
0 1 363
1 1 392
0 2 175
0 1 434
0 1 48
1 0 77
3 8 215
4 1 1000
6 1 2000
1 2 941
0 1 117
6 1 2000
1 4 1000
-2 1 330
-1 3 4000
6 2 8000
0 1 130
0 1 4000
0 1 77
0 1 203
0 1 367
0 2 580
1 1 2000
1 0 17
0 1 357
0 0 38
4 6 4000
1 0 51
2 1 268
0 0 579
8 1 6000
0 1 28
1 3 2000
2 1 78
0 1 28
0 1 464
2 3 313
5 8 6000
0 1 324
0 2 21
3 1 3000
0 1 2000
-1 1 12000
6 2 4000
0 1 585
0 1 79
-1 2 114
0 6 2000
0 2 503
1 1 2000
1 1 1000
0 1 38
0 0 80
1 1 6000
20 2 16000
1 1 29
2 0 159
5 0 242
1 1 485
1 1 122
16 2 27000
6 3 952
7 3 7000
3 3 2000
-2 1 206
2 2 2000
0 0 303
1 3 144
6 5 7000
52 3 11000
-3 1 131
2 1 3000
1 2 95
0 1 685
0 1 164
0 1 721
0 2 279
5 1 4000
10 1 7000
5 2 6000
4 2 843
0 1 51
-1 2 124
34 7 88000
1 1 87
10 1 5000
0 1 202
3 4 8000
1 2 804
2 5 2000
5 1 2000
1 1 39
0 1 67
0 2 387
0 1 52
0 4 71
3 1 433
0 0 2000
0 1 219
17 4 5000
1 1 230
1 0 47
0 1 512
0 1 66
22 2 12000
3 3 23000
7 1 6000
0 1 98
0 1 96
1 0 89
0 1 129
0 1 943
2 1 465
1 1 4000
0 1 330
1 0 107
32 8 67000
0 1 104
33 6 13000
4 2 4000
0 1 1000
1 1 785
0 2 660
2 6 12000
0 1 167
2 1 403
118 2 81000
4 1 2000
0 3 599
1 1 318
0 1 104
0 1 609
0 0 683
1 1 1000
4 1 210
1 1 315
1 1 795
0 1 729
16 1 5000
7 2 5000
6 2 967
4 10 3000
1 1 112
-1 1 51
0 1 114
0 1 107
1 1 648
-1 1 113
7 1 1000
1 1 192
29 3 3000
0 1 127
2 1 275
11 1 4000
0 0 32
0 4 81
0 0 54
0 0 51
6 4 2000
5 6 1000
9 5 2000
0 0 233
2 3 3000
6 4 19000
0 1 579
11 4 3000
0 1 38
5 2 490
0 0 174
-1 4 4000
0 1 99
1 2 693
2 0 143
0 2 195
3 0 186
0 1 145
1 1 92
0 1 173
2 2 527
3 1 142
11 1 1000
13 2 14000
0 1 201
2 0 319
1 1 343
-1 1 71
0 1 21
0 1 117
0 1 17
1 0 139
0 1 99
-1 1 520
0 1 38
1 1 303
8 3 2000
0 1 44
1 1 515
3 2 181
1 2 2000
0 1 303
0 1 984
0 1 87
-9 2 103
2 1 1000
11 3 9000
1 1 1000
3 2 118
2 1 220
0 0 50
1 0 25
2 1 6000
0 0 24
0 1 72
0 2 45
4 7 21000
7 3 2000
0 1 114
0 1 209
3 2 7000
1 1 39
195 7 139000
0 0 615
11 3 4000
0 1 78
7 2 4000
7 1 471
3 1 2000
15 1 49000
0 1 143
0 1 42
2 6 5000
1 1 59
0 1 201
12 4 5000
0 0 391
8 5 17000
20 5 993
2 0 85
4 3 584
5 6 5000
5 0 295
0 0 29
1 2 2000
-4 3 73
0 2 102
1 1 67
4 3 2000
2 1 1000
8 8 3000
0 1 243
0 1 107
0 1 651
0 0 49
2 1 2000
0 0 32
0 1 56
0 1 231
1 1 3000
0 2 615
0 1 49
0 1 1000
-2 4 212
2 2 2000
1 0 41
0 0 50
4 2 6000
78 4 18000
0 3 2000
34 9 15000
4 1 2000
0 1 32
1 2 1000
3 1 3000
0 1 48
29 6 16000
6 1 5000
1 0 227
1 1 474
0 1 193
0 0 69
3 4 520
-1 1 236
0 1 28
1 1 110
0 0 70
2 2 2000
0 1 373
1 4 881
0 1 582
0 1 54
8 1 2000
0 0 55
7 3 7000
2 1 108
1 1 29
0 1 124
0 1 44
0 1 800
1 2 1000
3 12 2000
1 1 309
-1 1 3000
1 3 818
0 1 683
8 5 7000
0 2 1000
1 3 4000
18 8 39000
2 1 523
2 2 2000
0 0 247
2 0 281
19 6 9000
1 1 70
1 0 53
1 0 613
0 1 235
18 3 5000
0 1 156
0 1 48
0 2 40
5 3 2000
5 1 238
0 2 14000
1 1 48
77 17 53000
0 1 17
0 0 26
3 4 2000
0 1 650
0 1 147
0 5 320
6 1 4000
0 1 32
0 2 85
0 9 1000
0 3 48
4 5 367
-1 1 1000
1 1 2000
0 5 841
0 1 562
0 0 19
1 1 6000
0 0 238
1 1 231
0 1 189
0 1 441
3 0 77
0 1 40
0 1 93
0 1 36
0 1 1000
0 1 53
1 1 519
0 2 876
0 1 46
0 4 241
0 0 159
1 1 122
0 3 443
1 2 3000
0 1 153
-6 2 86
1 1 815
0 1 117
9 2 3000
12 13 2000
3 3 3000
-1 1 322
9 2 1000
0 1 366
0 1 99
0 0 93
0 1 46
1 2 667
1 1 1000
1 1 117
10 1 638
2 1 2000
0 5 2000
1 3 10000
-2 4 2000
0 1 3000
0 0 127
0 2 419
1 1 56
-4 1 460
2 3 1000
2 2 88
2 2 2000
0 1 282
1 1 109
3 2 250
0 1 1000
0 3 36
13 4 13000
1 1 2000
0 1 39
1 1 575
1 1 635
18 10 49000
1 1 1000
0 0 40
17 2 58000
1 0 121
0 0 35
-3 1 245
0 2 1000
2 1 484
2 1 3000
0 2 21
0 0 274
1 2 110
2 3 1000
0 0 85
0 1 31
2 1 130
1 3 5000
1 1 211
2 2 1000
0 3 112
1 2 220
0 1 467
0 0 133
0 1 24
1 1 104
0 2 48
0 1 238
1 1 241
13 1 4000
0 0 74
-1 1 37
1 2 438
1 2 114
0 1 276
5 1 5000
1 0 199
0 1 65
0 1 34
0 1 20
4 0 247
-5 1 74
2 2 208
1 2 91
1 1 464
1 1 261
0 1 126
0 1 34
0 1 167
5 2 2000
3 2 315
4 0 263
2 0 2000
0 2 543
7 2 1000
2 1 209
0 0 263
0 1 1000
1 1 332
3 1 2000
0 1 109
35 4 12000
2 0 415
0 4 2000
50 7 86000
1 0 130
0 2 1000
3 2 1000
8 2 5000
0 0 71
1 0 1000
0 2 5000
0 1 90
116 19 193000
-4 1 137
0 1 139
1 1 402
0 3 2000
0 0 36
365 41 233000
2 4 2000
0 1 54
4 2 2000
8 6 1000
3 1 100
2 1 39
1 1 612
-1 1 382
0 1 205
0 2 402
0 1 6000
2 3 14000
71 1 21000
13 3 8000
2 1 1000
1 1 232
1 0 36
-1 1 41
22 17 23000
2 2 943
6 1 16000
0 1 45
0 1 513
2 1 391
0 2 337
3 1 1000
1 2 1000
0 0 1000
1 1 196
12 2 13000
0 2 962
0 1 273
4 0 353
3 2 813
0 1 101
3 1 828
2 0 63
-1 2 188
5 1 286
12 3 11000
0 0 168
7 5 27000
5 10 8000
0 1 734
0 1 179
0 2 239
-1 1 146
-1 1 45
8 1 5000
1 0 28
-2 7 322
0 1 493
1 1 48
0 1 394
0 1 257
4 6 1000
11 2 2000
28 3 15000
0 1 83
9 2 5000
0 3 186
1 2 575
0 1 746
0 1 54
0 1 31
0 1 77
2 3 202
0 2 3000
0 1 272
0 1 220
9 3 8000
0 1 70
10 1 7000
4 0 124
4 5 2000
1 2 3000
-7 1 208
1 1 90
3 1 153
4 3 4000
0 1 204
0 1 54
0 3 46
0 1 2000
0 2 209
-1 1 689
8 11 19000
4 1 69
0 1 142
0 1 2000
0 0 64
1 1 14
5 4 1000
1 3 229
-1 1 38
4 0 267
2 1 3000
0 2 347
0 0 220
0 1 198
0 1 66
1 1 158
0 2 112
1 0 1000
4 1 2000
1 1 749
7 1 292
30 4 9000
5 2 236
1 1 155
0 1 28
1 1 4000
9 5 9000
4 1 410
0 0 181
7 3 2000
0 1 185
0 1 744
2 3 694
25 8 55000
0 1 762
-2 2 107
0 1 24
6 0 10000
0 4 2000
0 2 599
0 0 558
0 1 34
0 3 269
0 0 22
-3 1 29
8 1 930
1 1 41
1 4 175
4 1 3000
10 1 1000
2 1 625
0 1 138
2 1 26
12 18 5000
0 2 350
0 2 9000
1 1 417
0 1 33
6 1 5000
2 1 2000
5 3 978
1 3 2000
20 6 7000
15 10 53000
0 7 1000
1 0 548
0 1 140
0 0 96
1 2 736
4 3 10000
2 3 110
-1 1 270
2 2 288
-4 1 119
3 6 234
2 1 2000
0 3 2000
0 1 539
2 1 1000
9 5 5000
3 15 1000
0 1 79
8 1 698
0 1 815
1 1 379
4 1 3000
4 1 810
8 2 3000
77 3 36000
0 0 379
9 1 4000
0 1 831
1 0 359
0 1 38
0 2 83
1 0 19
0 1 495
6 6 3000
10 3 7000
4 1 406
2 3 391
1 2 4000
-3 1 78
8 1 1000
0 1 52
-1 1 357
0 0 91
0 3 944
1 2 2000
2 1 2000
7 8 23000
1 1 210
12 4 9000
2 1 136
1 1 107
4 1 220
0 1 802
1 2 3000
-1 2 94
1 3 200
1 2 5000
0 0 328
0 1 2000
1 1 160
0 1 73
0 1 196
0 2 2000
0 0 71
0 1 447
-3 1 150
0 1 24
0 4 871
0 1 164
0 2 151
0 1 36
4 2 3000
0 0 172
0 1 450
4 1 169
1 3 141
-3 1 122
0 2 1000
0 1 71
0 1 2000
6 1 401
4 0 1000
1 3 8000
1 2 2000
2 1 366
0 1 664
8 7 10000
0 1 40
1 1 134
0 0 47
-2 2 81
0 1 4000
0 2 187
0 1 191
3 0 566
0 1 629
2 1 740
4 0 773
2 0 104
1 1 264
5 2 2000
11 3 17000
0 1 73
8 2 3000
1 1 878
3 2 367
0 1 579
1 1 133
0 0 885
8 1 11000
2 1 140
7 2 5000
2 3 621
0 1 66
9 3 4000
4 2 4000
4 1 1000
-1 1 56
0 2 270
15 3 7000
3 1 5000
1 1 72
0 1 385
1 0 36
1 1 918
0 1 109
19 2 30000
-1 1 51
4 5 1000
3 1 349
5 3 3000
-1 1 697
1 2 245
3 1 600
0 2 195
2 3 426
1 1 227
-1 2 222
1 1 468
5 2 5000
9 4 3000
0 0 501
5 11 1000
3 1 392
0 1 223
0 1 529
27 6 7000
3 1 1000
0 1 70
4 1 2000
5 1 2000
0 0 37
0 1 1000
0 1 126
0 0 107
0 1 35
0 1 119
0 1 47
0 0 75
1 2 134
10 4 2000
0 1 19
0 1 2000
5 1 1000
0 1 163
0 4 925
0 1 166
2 3 526
3 1 2000
1 1 433
-1 2 81
1 1 1000
1 3 137
1 1 132
3 1 600
0 1 161
0 1 110
16 6 3000
0 1 736
1 1 413
5 1 124
1 1 154
3 3 1000
5 3 8000
0 0 44
0 0 113
1 1 2000
-3 1 11000
4 2 5000
8 2 6000
1 5 3000
2 2 174
0 1 141
1 1 1000
4 6 1000
0 1 830
1 0 477
0 1 1000
5 10 943
2 2 1000
0 1 36
2 0 60
1 3 6000
2 1 2000
1 1 146
0 1 79
3 3 6000
5 1 1000
1 1 158
4 0 1000
0 1 22
3 10 536
2 0 102
1 1 1000
0 1 55
1 1 776
1 1 384
0 1 28
-1 1 5000
1 1 659
0 0 71
-1 1 99
1 2 13000
0 1 73
4 1 12000
0 1 102
1 2 2000
0 1 148
2 1 849
4 2 3000
0 1 25
10 9 5000
25 21 29000
1 1 349
0 1 106
0 1 331
2 2 1000
4 1 146
1 3 90
7 2 8000
3 3 243
6 2 2000
0 2 1000
0 1 93
1 2 55
0 1 28
0 1 268
2 1 139
12 2 4000
3 1 276
1 3 3000
4 2 104
2 3 1000
5 7 2000
1 2 597
1 3 869
0 1 186
0 1 176
0 1 195
0 2 63
-1 3 34
0 2 120
0 1 26
0 6 2000
0 0 67
0 1 38
2 5 3000
1 1 272
2 1 2000
5 3 10000
1 1 951
1 2 1000
10 5 11000
10 1 417
4 1 5000
5 4 4000
2 1 321
1 1 579
56 5 14000
14 2 3000
0 1 22
4 4 28000
0 1 335
14 1 14000
0 2 465
1 1 404
1 1 1000
2 3 83
0 2 75
3 1 543
4 2 4000
5 1 3000
2 1 285
1 2 908
9 2 10000
1 2 863
0 1 2000
3 1 182
0 1 48
10 3 11000
1 1 92
0 2 137
0 1 273
0 1 381
5 2 1000
2 1 4000
1 1 575
0 9 741
2 3 2000
5 1 179
1 2 206
6 1 201
9 7 9000
3 1 59
-1 3 965
30 2 10000
-3 1 304
2 0 115
10 2 11000
3 2 2000
-2 1 1000
-5 3 134
0 1 174
0 5 5000
2 1 54
3 1 376
0 1 209
-1 2 534
1 2 1000
1 3 1000
1 2 2000
1 2 213
0 1 135
9 3 5000
1 4 2000
0 1 104
2 2 235
2 0 63
0 1 139
0 1 322
1 1 218
0 0 58
-1 1 74
0 3 395
1 0 692
0 1 522
13 3 3000
0 1 59
1 1 4000
6 1 2000
0 1 605
3 1 2000
14 5 39000
0 1 741
3 1 642
1 1 1000
3 1 2000
1 0 208
22 4 9000
0 1 84
18 1 3000
0 1 893
2 1 439
1 0 121
11 4 9000
0 1 254
1 2 504
10 1 7000
2 2 3000
0 1 28
1 1 3000
3 2 3000
0 1 279
0 1 437
1 0 127
12 4 5000
1 8 670
0 1 3000
2 1 3000
0 0 322
0 3 562
0 1 1000
0 1 79
2 1 46
2 0 2000
7 2 5000
0 2 1000
13 3 5000
10 4 12000
2 1 1000
1 1 3000
3 3 1000
0 0 300
0 1 427
0 1 246
1 2 565
3 3 438
4 4 10000
1 4 4000
2 0 1000
7 1 439
3 1 5000
5 2 3000
0 1 120
1 2 227
2 2 149
16 3 8000
4 0 273
0 1 2000
0 0 979
0 1 1000
10 2 12000
0 1 726
0 0 43
1 1 334
4 0 438
5 4 23000
1 1 85
0 2 2000
4 1 732
1 1 1000
0 0 364
1 3 237
0 3 104
1 1 87
1 1 209
1 5 5000
0 1 86
2 1 2000
2 0 454
0 0 78
0 1 14
3 4 132
1 1 130
0 0 97
3 1 907
2 7 1000
4 4 567
6 3 5000
2 2 1000
1 1 380
2 26 1000
7 4 5000
6 1 7000
-1 5 1000
12 4 4000
8 3 8000
18 7 8000
1 1 1000
0 2 182
1 2 153
2 1 176
7 1 2000
1 2 8000
6 1 2000
1 1 532
0 1 43
2 0 775
3 2 586
2 0 51
2 4 631
42 8 16000
1 2 347
-1 1 42
2 1 4000
0 2 244
0 2 500
-1 2 166
-1 2 188
1 1 70
0 1 82
0 1 1000
0 8 758
1 2 259
5 12 1000
17 2 4000
8 1 1000
5 7 494
0 1 2000
0 2 771
0 1 90
2 1 129
10 3 11000
1 3 6000
5 2 11000
1 1 327
0 2 58
0 3 151
0 1 32
3 0 451
1 0 33
0 1 63
1 2 1000
1 2 414
1 2 918
1 1 380
0 1 59
1 1 365
0 2 180
2 0 506
2 2 2000
0 1 70
11 5 4000
0 1 42
4 1 1000
1 3 1000
0 2 152
1 2 407
4 7 3000
1 1 161
0 0 862
0 2 581
0 0 794
0 3 585
0 1 623
4 1 4000
8 3 2000
1 2 628
0 1 171
1 1 293
3 5 368
1 1 102
1 4 3000
0 1 74
1 1 349
5 3 7000
0 1 71
0 2 2000
0 1 49
1 1 143
2 0 78
1 1 396
6 5 10000
9 3 5000
3 2 2000
1 1 154
0 0 1000
6 2 6000
3 1 291
0 1 764
1 1 1000
0 1 213
0 0 362
1 1 911
1 0 102
0 1 770
2 2 4000
2 2 2000
6 4 2000
6 10 3000
6 3 6000
5 5 564
4 3 808
0 1 37
13 3 4000
1 0 72
1 0 428
2 1 3000
0 2 69
46 2 20000
0 1 614
5 3 299
1 0 117
5 1 2000
1 1 2000
0 1 128
2 5 929
0 2 142
5 12 3000
-2 2 286
-1 2 135
189 8 165000
1 0 553
0 1 48
0 2 84
0 2 1000
1 2 2000
0 1 26
0 1 52
2 11 2000
2 3 1000
10 2 4000
2 1 5000
1 1 874
9 7 606
0 0 102
0 1 140
9 10 2000
3 2 2000
0 0 53
2 1 215
0 1 50
0 1 67
4 2 4000
1 1 264
2 7 8000
2 1 575
3 1 413
30 4 19000
2 1 210
0 1 1000
9 2 1000
0 0 135
2 2 2000
0 1 81
1 2 2000
33 4 18000
0 2 927
0 2 650
-1 1 118
1 1 117
0 1 278
45 4 61000
5 2 2000
1 1 897
0 1 2000
2 2 2000
0 0 30
2 0 65
3 12 1000
1 8 248
0 1 38
2 5 7000
0 2 257
1 1 14000
5 1 868
1 1 4000
-1 1 517
0 1 86
0 2 971
0 1 1000
0 1 325
-5 4 1000
1 2 524
0 1 73
7 3 3000
0 1 3000
1 1 688
0 1 75
0 1 3000
-1 1 358
1 6 5000
1 1 804
0 1 884
2 7 7000
2 1 785
0 1 129
2 2 3000
1 1 1000
1 1 962
2 1 2000
1 2 528
2 1 644
0 1 54
12 10 7000
0 1 48
1 1 800
0 1 321
0 1 1000
0 2 37
2 3 2000
0 1 384
2 1 1000
0 2 140
3 0 2000
1 1 622
3 2 4000
-1 1 145
0 2 93
0 1 377
-1 1 71
2 0 253
0 2 36
0 1 100
0 2 1000
1 1 266
0 4 136
0 1 189
1 1 197
10 14 21000
0 1 39
1 1 1000
1 1 66
1 2 96
0 1 95
6 3 5000
3 1 545
0 3 1000
3 1 756
-1 3 451
4 2 3000
-2 2 221
9 6 29000
0 2 3000
0 1 226
5 2 9000
1 1 961
3 2 221
1 3 6000
6 2 2000
2 1 137
0 1 433
22 13 30000
3 0 136
0 1 760
2 1 5000
9 2 1000
0 1 293
-2 1 284
1 3 658
4 3 428
0 2 207
0 1 617
10 4 10000
4 1 386
0 3 726
-1 1 181
3 0 199
1 1 202
7 3 2000
3 2 1000
1 1 2000
0 0 898
1 3 5000
1 3 8000
0 1 870
1 4 296
0 1 642
0 1 95
1 1 235
2 3 1000
6 2 353
9 4 4000
4 2 3000
0 1 889
4 1 1000
3 8 1000
0 1 818
0 1 300
5 1 2000
0 1 65
3 2 8000
1 1 363
1 1 1000
0 3 798
2 1 1000
0 0 144
5 2 4000
0 2 983
1 0 891
5 2 4000
1 0 120
1 1 518
-1 2 798
2 7 646
3 5 3000
0 0 25
11 1 12000
0 1 288
3 2 2000
2 3 541
1 0 42
6 3 6000
2 1 38
3 2 152
5 8 535
1 2 1000
2 1 291
0 1 46
1 0 125
0 1 72
0 0 47
4 3 7000
4 4 3000
7 1 5000
0 1 265
8 4 803
0 1 3000
0 1 68
5 0 117
0 1 1000
1 1 1000
8 11 5000
2 2 914
3 0 5000
5 1 4000
1 2 8000
1 1 56
1 1 628
2 2 1000
2 2 107
0 1 228
2 0 79
0 1 709
0 2 103
4 5 1000
2 1 214
2 1 2000
2 4 2000
0 2 532
0 1 2000
5 1 18000
7 2 3000
10 12 5000
4 1 684
4 2 56
0 1 425
5 2 2000
0 1 386
1 0 155
-1 2 2000
-1 1 327
1 1 121
2 1 342
1 1 79
6 1 6000
6 1 6000
4 10 497
16 7 10000
0 0 65
5 1 8000
1 1 251
27 1 4000
34 3 35000
2 0 353
0 1 254
4 11 897
0 4 199
2 3 299
3 0 369
0 2 161
2 1 3000
0 1 325
1 2 178
1 1 822
7 10 22000
0 1 431
0 2 261
0 1 1000
2 1 335
2 1 261
8 1 4000
6 1 3000
4 1 1000
1 1 2000
4 2 3000
0 0 199
2 4 1000
2 2 143
0 1 142
0 2 37000
3 4 3000
2 3 1000
6 2 857
1 1 313
0 1 198
1 1 498
0 2 814
0 1 36
0 3 115
17 11 4000
1 1 131
1 0 89
2 0 611
2 1 264
1 0 76
1 2 839
0 1 475
31 1 11000
28 5 9000
3 1 1000
1 1 2000
0 1 117
4 1 2000
1 3 3000
5 3 3000
0 1 98
0 1 391
-6 2 504
0 0 178
2 2 12000
5 1 500
21 4 4000
2 4 948
3 2 418
1 1 54
0 1 175
-4 1 92
0 1 160
1 1 1000
1 3 398
24 3 10000
1 4 2000
0 3 874
1 1 719
0 1 521
0 1 47
2 1 1000
16 3 3000
7 2 288
1 0 588
4 1 3000
0 1 190
8 2 4000
1 3 5000
1 2 880
2 2 10000
0 0 136
1 3 4000
0 1 64
0 2 13000
2 1 996
0 1 225
2 1 82
1 0 467
0 1 68
0 0 188
25 14 8000
1 2 164
2 1 643
4 3 3000
4 0 510
4 5 1000
1 2 2000
1 2 384
0 0 26
0 1 117
2 2 728
1 2 569
0 1 219
3 1 1000
1 1 149
9 1 10000
-3 1 6000
0 1 44
5 1 3000
3 1 649
3 1 316
0 1 56
0 2 132
1 0 1000
2 2 4000
0 1 138
0 1 49
12 1 10000
1 0 109
0 1 220
8 1 4000
0 2 647
0 2 5000
27 20 37000
3 1 9000
8 1 12000
0 1 2000
2 1 5000
3 1 299
1 0 216
-3 9 1000
2 1 379
0 1 587
0 2 2000
1 3 1000
0 0 100
0 1 247
-1 2 165
1 0 60
0 3 3000
2 0 4000
5 3 2000
5 4 339
0 1 279
4 1 10000
-1 1 2000
0 1 386
1 2 146
2 1 1000
2 3 327
5 3 7000
0 1 3000
0 1 70
2 3 1000
2 0 328
3 2 21000
1 5 6000
1 1 728
9 2 10000
4 1 259
0 0 399
7 1 4000
0 1 134
4 3 3000
2 2 1000
0 3 6000
3 3 225
2 1 313
1 2 922
5 2 3000
0 1 2000
21 5 61000
2 4 1000
1 1 237
6 1 154
0 1 37
0 1 689
2 0 244
5 2 501
1 1 1000
1 0 345
3 1 980
4 1 4000
1 1 149
0 1 526
4 3 2000
0 3 112
40 3 12000
0 1 390
9 4 2000
12 6 5000
0 1 346
0 1 36
0 3 371
2 1 2000
14 2 3000
-1 1 437
0 5 1000
0 3 100
0 1 290
1 1 876
1 1 199
2 7 3000
10 3 12000
4 3 4000
2 0 93
0 1 627
1 9 263
10 1 10000
0 3 285
0 1 266
0 2 882
0 1 226
61 9 7000
2 2 88
2 1 5000
2 4 734
1 2 1000
0 1 99
0 2 59
3 1 6000
7 3 2000
2 1 172
0 1 243
3 4 758
0 2 1000
2 5 3000
0 3 139
3 2 342
1 1 93
1 1 97
0 2 330
-1 1 506
1 2 2000
1 2 952
4 1 139
0 1 186
0 1 430
0 1 487
3 6 5000
3 2 5000
1 6 297
3 1 440
3 6 2000
0 2 1000
0 6 11000
5 2 1000
7 10 37000
4 2 3000
0 2 603
2 3 3000
13 2 21000
1 1 2000
0 1 110
14 6 24000
2 1 606
2 0 455
1 2 90
54 11 12000
0 1 204
2 5 5000
1 1 710
-1 1 526
4 1 2000
1 1 1000
0 1 723
1 2 97
0 3 804
1 2 3000
2 1 481
3 2 778
1 1 875
0 4 528
0 4 651
0 3 427
1 1 143
6 4 15000
1 1 344
1 1 78
1 1 2000
-5 2 147
18 2 13000
0 2 3000
0 3 279
0 0 611
1 2 1000
0 1 1000
4 0 198
2 2 465
1 1 378
0 3 371
0 4 422
3 1 809
13 8 32000
1 3 1000
1 3 2000
0 2 114
1 3 857
1 2 4000
0 2 371
2 1 2000
2 0 100
1 2 342
5 2 934
0 1 211
2 1 2000
0 2 1000
0 0 201
0 1 51
-4 2 165
8 1 4000
0 1 128
1 1 308
8 2 22000
0 1 300
2 4 452
0 1 159
7 1 3000
1 1 1000
4 2 1000
1 1 681
-4 1 76
-1 1 115
9 1 2000
3 1 2000
1 2 2000
0 1 115
0 2 340
2 1 850
2 0 608
8 1 628
-3 1 233
13 3 3000
5 6 309
0 2 197
7 1 9000
4 2 2000
4 4 424
1 1 66
0 2 960
6 0 5000
6 1 2000
2 3 4000
3 4 6000
3 1 2000
32 1 16000
16 3 16000
0 1 159
7 2 8000
0 1 102
8 11 54000
0 1 249
1 2 2000
2 1 91
26 16 9000
1 1 1000
3 2 10000
0 3 340
1 1 106
0 1 574
9 2 7000
3 0 487
0 1 231
39 7 23000
0 0 43
7 13 4000
0 2 166
27 2 7000
0 1 514
1 2 436
-1 5 180
0 1 101
1 2 1000
0 0 188
6 4 2000
2 4 932
0 1 1000
-5 3 149
6 1 2000
1 1 840
0 2 37
1 4 369
3 0 749
1 1 493
2 4 482
1 1 5000
3 1 3000
2 1 637
1 1 234
0 1 82
1 1 141
7 3 2000
20 3 25000
8 4 6000
1 2 322
3 4 2000
2 1 3000
1 1 783
1 0 468
2 3 14000
34 13 37000
6 11 11000
3 1 231
0 1 272
0 2 133
6 2 2000
0 1 156
3 4 3000
25 5 21000
10 1 781
2 1 128
9 2 9000
18 7 4000
0 1 53
2 0 638
5 1 4000
-1 1 230
-4 2 46
5 5 2000
1 1 500
8 5 13000
1 1 4000
4 2 1000
1 1 71
17 3 16000
1 1 143
0 1 815
8 2 632
0 1 230
85 7 30000
1 1 102
0 2 156
1 2 1000
3 1 4000
1 1 787
2 2 988
2 4 206
0 1 325
2 1 682
31 8 51000
5 2 5000
1 0 189
0 2 57
7 2 1000
0 1 106
1 0 456
1 2 4000
5 1 778
1 2 787
0 1 96
74 15 28000
1 1 2000
3 1 7000
3 3 7000
5 2 5000
0 2 2000
1 4 7000
0 1 158
0 2 277
2 1 226
0 2 701
0 1 630
1 3 5000
8 4 779
2 1 728
3 3 527
3 1 2000
1 1 125
9 3 12000
-1 1 589
0 1 687
1 1 230
1 2 985
1 1 57
0 2 3000
0 1 72
1 6 5000
2 1 182
0 1 2000
0 1 875
3 3 1000
0 1 656
1 1 52
0 1 153
23 3 688
3 1 655
0 1 969
0 1 431
1 1 2000
1 1 145
25 11 15000
0 1 384
3 2 287
3 1 2000
28 8 14000
0 1 755
4 3 2000
5 8 9000
2 0 57
1 1 158
3 8 394
12 14 6000
0 2 9000
0 2 99
1 3 465
0 2 219
5 1 2000
14 12 22000
1 2 86
1 1 329
14 1 2000
1 0 290
4 0 218
16 3 13000
2 3 531
1 2 288
7 1 3000
1 1 2000
3 3 14000
1 1 157
-7 1 304
6 2 4000
15 3 6000
6 2 4000
0 2 404
6 2 784
1 2 694
3 1 197
1 0 29
3 3 3000
3 1 2000
0 0 426
-3 4 694
1 4 2000
0 0 114
1 4 2000
2 0 141
2 2 2000
1 6 950
2 0 255
3 1 2000
0 0 34
4 5 2000
4 1 1000
4 1 2000
1 1 270
0 3 132
1 1 157
4 1 896
0 1 730
-1 5 6000
3 1 270
0 2 2000
48 12 13000
0 4 3000
1 1 53
34 9 16000
5 2 11000
1 1 32
5 2 259
1 2 81
7 0 1000
0 2 76
2 1 426
-1 1 179
1 2 4000
1 3 244
3 4 3000
0 1 369
2 1 5000
1 1 340
1 3 971
0 1 653
10 1 5000
1 1 500
2 2 5000
-1 2 383
1 2 132
4 1 172
0 2 1000
7 1 3000
3 10 2000
1 3 3000
6 9 2000
2 2 750
3 1 115
1 0 282
2 5 850
1 2 1000
1 1 2000
1 0 69
3 1 150
-1 1 879
3 1 1000
4 2 1000
0 3 3000
0 1 63
2 0 237
6 8 10000
2 0 254
1 1 4000
2 2 2000
1 1 694
2 6 303
1 0 225
16 3 17000
-2 1 4000
-2 1 96
0 4 1000
1 2 331
2 3 4000
3 4 1000
0 1 36
1 0 407
9 6 240
1 1 368
1 2 4000
4 2 766
1 0 223
3 1 69
14 5 10000
1 3 3000
0 1 103
9 7 18000
1 0 2000
2 2 243
-5 1 9000
-1 1 110
0 2 591
6 2 1000
4 3 2000
1 1 6000
3 1 819
1 1 485
3 1 923
1 5 2000
6 1 4000
20 2 2000
14 5 6000
-4 2 133
4 3 7000
8 3 237
23 16 15000
6 3 883
4 2 410
-1 3 931
8 1 1000
0 1 236
2 1 1000
14 8 9000
3 2 412
3 2 139
0 1 542
0 2 2000
5 3 265
0 1 190
4 2 3000
3 2 550
7 1 4000
1 1 1000
1 1 904
0 1 59
0 4 2000
5 4 4000
1 1 649
0 1 47
2 1 296
0 0 60
3 1 185
1 0 747
1 0 184
9 2 4000
2 3 97
2 1 969
1 2 302
4 1 256
1 1 840
3 2 522
1 1 74
2 2 4000
-1 1 92
2 0 168
0 1 44
1 1 104
1 3 10000
48 15 12000
0 1 361
1 1 125
1 2 217
1 0 235
0 1 196
3 3 438
4 1 2000
2 1 555
5 3 307
2 2 68
1 1 146
-1 1 40
6 2 18000
1 0 155
7 6 3000
1 3 515
9 2 136
5 3 114
0 1 2000
1 0 401
10 5 25000
29 3 21000
1 1 225
0 2 454
1 1 2000
0 1 386
1 1 1000
0 1 180
5 4 3000
5 2 9000
3 1 494
1 1 46
8 1 2000
21 5 4000
1 1 117
3 3 9000
1 1 289
1 1 1000
1 1 126
0 1 319
-3 1 109
0 1 45
2 1 619
1 2 627
32 14 21000
10 1 453
1 1 91
35 2 2000
0 1 418
2 3 3000
33 1 26000
4 1 5000
1 2 633
2 1 325
1 1 112
2 0 361
0 1 462
24 2 903
0 2 729
2 1 653
1 2 3000
13 1 4000
0 1 74
0 2 318
3 1 20000
0 1 1000
2 2 2000
6 12 22000
1 1 3000
1 0 408
4 4 3000
-2 1 830
4 2 7000
-1 1 907
4 3 784
6 1 339
8 6 8000
0 1 719
-3 4 1000
9 4 3000
1 1 622
4 2 1000
1 1 37
12 3 4000
0 1 462
3 7 12000
-1 4 971
23 4 8000
3 2 13000
0 3 407
3 2 1000
1 1 572
5 2 1000
1 3 1000
0 1 754
4 2 745
0 4 2000
0 1 222
1 2 78
2 0 137
1 1 184
1 3 717
0 1 220
1 0 217
1 1 312
0 1 140
1 1 248
0 1 421
2 2 697
0 1 1000
1 0 97
8 11 4000
0 2 347
0 1 380
2 6 551
2 5 5000
2 1 10000
10 3 2000
2 0 155
-1 2 406
1 1 415
1 0 70
0 4 4000
3 6 24000
1 2 1000
2 1 817
0 3 175
0 4 200
6 1 6000
3 1 511
2 5 2000
0 1 551
0 2 146
2 4 2000
0 1 548
1 0 82
6 2 11000
0 3 3000
0 1 914
1 1 230
2 1 1000
4 1 885
1 1 378
0 5 3000
3 3 1000
1 0 141
0 4 267
1 1 543
1 2 253
1 1 545
6 8 10000
2 2 3000
1 3 291
1 0 251
10 2 551
2 3 640
6 1 6000
10 1 410
0 1 790
5 7 305
12 13 9000
1 2 329
0 1 188
0 1 342
1 1 408
6 4 4000
2 6 4000
28 9 30000
0 0 141
3 10 1000
2 1 493
0 1 861
3 3 2000
7 3 588
-2 1 13000
6 2 674
2 1 558
17 11 15000
2 6 3000
5 1 162
1 3 590
0 1 130
2 1 112
37 3 40000
3 1 2000
1 0 70
0 1 183
-4 1 568
1 3 2000
0 1 56
1 3 100
4 2 101
0 1 1000
5 1 1000
2 3 4000
0 2 623
0 1 232
1 1 5000
1 1 225
-1 2 457
2 2 816
2 4 19000
3 1 1000
1 1 2000
0 1 3000
1 1 5000
1 2 3000
2 1 3000
0 1 1000
2 9 2000
2 0 198
1 0 296
1 0 1000
3 1 722
0 1 2000
0 3 313
5 4 440
1 0 123
0 2 700
0 2 313
1 1 85
1 1 146
11 1 3000
10 6 4000
-1 3 1000
0 1 433
5 6 303
9 10 9000
26 5 28000
4 2 770
3 2 2000
6 2 740
3 1 328
2 2 3000
0 1 123
-6 2 374
0 1 2000
2 3 5000
22 3 18000
1 2 771
7 2 8000
0 1 548
2 0 116
0 1 1000
6 2 5000
2 5 7000
18 2 16000
2 1 574
6 4 1000
0 2 2000
5 1 1000
0 3 111
0 1 476
0 2 19
3 2 3000
1 3 244
3 1 2000
1 2 4000
4 2 386
3 1 1000
2 1 780
9 1 3000
2 2 344
0 2 2000
0 2 856
0 1 81
6 2 151
48 10 33000
1 1 2000
0 1 1000
1 1 125
2 1 3000
19 9 12000
1 2 376
0 1 2000
0 0 330
3 1 2000
46 3 107000
0 1 741
3 2 575
4 2 567
-1 27 1000
2 3 782
2 2 2000
0 1 107
0 1 2000
0 1 135
0 0 62
2 5 3000
0 1 188
0 0 103
2 2 4000
0 1 3000
0 1 92
1 0 182
5 2 26000
1 4 121
1 2 96
3 1 987
0 1 10000
0 1 451
4 3 1000
0 3 92
5 3 646
0 2 197
7 1 425
1 1 2000
0 0 285
1 4 2000
2 2 415
0 1 132
1 1 101
2 1 3000
6 6 2000
2 2 861
0 1 373
0 3 1000
1 3 185
-2 1 128
3 1 204
7 2 4000
1 1 1000
0 0 55
0 1 202
0 3 45
2 1 109
0 1 110
2 1 228
2 0 621
1 1 829
5 1 496
3 3 4000
3 1 732
1 2 1000
1 1 539
10 5 13000
16 1 14000
1 3 527
2 1 527
2 1 63
15 3 5000
132 1 5000
1 1 4000
0 1 33
0 2 77
-3 2 454
4 4 20000
2 3 686
3 1 196
0 0 127
0 0 72
10 1 3000
2 2 2000
2 1 514
0 2 164
1 5 1000
17 1 7000
2 3 2000
0 5 205
5 1 7000
0 1 2000
0 1 216
0 1 815
0 1 170
2 2 732
4 3 942
0 1 3000
3 7 2000
1 3 123
1 2 309
1 1 2000
16 14 28000
0 1 160
0 2 91
2 1 323
2 1 348
3 2 333
0 1 120
2 1 851
0 1 1000
1 2 1000
0 1 2000
0 1 2000
2 2 1000
1 3 3000
0 1 342
1 1 412
3 1 203
1 1 477
1 1 432
0 1 1000
0 1 381
0 1 584
0 2 182
0 2 219
2 8 295
2 6 978
1 2 2000
-1 2 938
2 1 247
1 2 123
40 16 16000
4 1 322
0 1 47
1 1 161
0 1 305
1 2 330
0 2 1000
0 1 290
-2 2 314
1 2 87
4 4 2000
1 0 168
0 1 668
7 3 8000
3 1 957
0 2 651
1 2 149
2 6 227
10 4 2000
1 1 2000
1 1 777
1 1 856
0 1 2000
1 1 809
0 1 39
0 3 73
1 1 250
0 2 82
6 4 323
0 1 166
0 1 161
7 8 1000
2 2 496
0 10 2000
17 4 25000
4 3 6000
0 1 891
2 0 243
5 1 393
0 2 1000
0 3 1000
2 3 5000
0 2 156
3 1 328
0 1 42
-2 1 235
2 2 2000
97 73 90000
17 23 7000
5 3 1000
2 2 463
0 1 114
2 2 1000
0 1 106
5 2 524
2 1 123
25 2 5000
2 7 3000
1 0 559
0 1 319
2 3 828
1 1 130
3 6 121
3 1 10000
-1 5 133
5 2 2000
3 1 167
1 2 120
12 1 14000
2 4 486
0 1 236
1 3 2000
0 1 873
1 4 149
1 2 151
4 0 7000
20 15 56000
0 2 634
0 4 986
5 1 316
1 0 113
2 2 17000
4 7 2000
6 1 2000
-1 1 280
0 2 797
8 2 137
1 1 348
0 1 640
0 1 1000
2 1 325
1 1 1000
3 2 137
0 0 377
0 0 283
0 1 41
2 1 10000
12 5 14000
39 9 27000
2 1 1000
0 1 32
-2 2 302
4 1 3000
0 1 568
1 2 1000
0 3 812
0 1 6000
6 3 3000
-1 6 279
2 1 6000
0 1 725
4 4 589
0 3 3000
0 1 75
7 1 2000
-1 2 1000
2 2 497
5 3 6000
0 1 439
3 1 9000
2 1 720
3 3 584
3 2 3000
4 3 13000
1 3 4000
3 3 4000
-3 2 296
0 1 557
2 1 425
2 1 316
0 4 316
-1 3 284
2 1 716
5 1 2000
3 0 2000
0 0 183
0 1 1000
4 2 638
4 3 1000
0 4 166
2 0 228
0 1 552
1 2 5000
2 1 566
0 1 317
-4 1 305
5 3 2000
6 1 542
4 1 5000
1 1 1000
1 0 253
3 1 3000
3 2 5000
2 7 586
0 1 216
0 1 248
0 3 857
0 2 2000
1 1 1000
2 1 1000
1 1 545
241 56 189000
5 2 136
0 2 262
0 2 2000
0 1 837
0 1 231
2 3 345
3 1 826
2 2 437
1 2 579
1 3 111
2 1 1000
0 1 293
0 0 194
1 3 252
3 1 997
0 4 719
4 2 838
1 3 858
1 1 6000
1 2 328
1 1 64
0 2 373
1 3 4000
0 3 328
1 2 345
22 14 30000
1 1 74
29 2 21000
17 5 18000
3 2 939
0 1 1000
6 4 4000
10 2 4000
1 2 944
0 1 105
5 4 203
0 2 63
6 4 8000
5 1 1000
3 2 739
0 1 1000
2 1 124
0 4 334
9 3 1000
2 1 3000
1 1 2000
0 1 5000
0 1 778
-2 1 233
0 0 458
0 1 65
0 0 291
8 4 17000
1 2 2000
5 2 7000
0 1 147
4 1 690
0 2 798
1 1 148
4 6 5000
0 0 104
7 3 19000
1 1 883
0 0 99
25 6 51000
1 1 2000
4 7 3000
0 3 1000
1 2 2000
5 1 779
8 2 2000
2 1 1000
0 1 98
1 1 6000
3 2 926
1 1 1000
3 1 2000
2 2 851
2 0 945
2 2 2000
1 2 3000
1 1 629
2 0 2000
0 1 2000
0 1 150
3 1 673
0 2 412
0 2 5000
2 1 346
7 2 3000
11 1 5000
6 1 2000
0 1 258
-1 1 97
0 2 282
5 2 1000
3 1 1000
1 0 1000
4 2 3000
1 2 288
1 3 438
4 3 2000
0 1 37
0 3 2000
0 2 2000
0 1 537
7 6 2000
15 10 11000
2 1 610
0 1 268
3 3 600
3 0 179
1 1 165
0 3 3000
3 1 280
0 1 112
0 1 104
0 1 337
0 1 768
0 1 33
0 1 219
10 1 235
5 4 7000
1 1 3000
3 1 481
6 3 6000
9 1 1000
0 1 499
0 1 436
1 2 182
1 1 617
1 0 260
0 1 64
5 1 756
16 4 7000
1 1 880
1 3 1000
1 1 64
2 2 44
3 2 508
0 1 317
2 1 1000
1 1 128
0 2 122
0 1 206
0 0 2000
0 1 63
4 3 5000
0 1 523
0 3 1000
1 3 2000
0 1 45
1 0 1000
2 0 1000
1 2 618
-1 2 167
1 2 2000
5 3 781
2 1 270
0 2 142
0 2 556
0 1 668
1 0 94
0 1 63
0 6 1000
0 2 6000
0 1 1000
5 1 2000
2 1 224
1 7 1000
4 2 6000
2 2 304
1 1 281
1 0 272
2 3 415
1 1 1000
4 2 146
0 2 117
6 4 2000
9 3 1000
4 1 2000
4 1 1000
0 2 820
2 1 7000
17 3 10000
2 2 76
3 4 624
1 2 687
5 2 8000
2 1 261
2 2 675
20 5 7000
0 1 137
2 1 242
2 3 1000
1 3 530
4 2 3000
4 1 2000
2 3 2000
4 6 3000
1 1 598
0 1 2000
4 3 3000
14 1 8000
1 8 2000
1 3 186
2 3 1000
0 1 83
9 1 174
7 3 1000
1 1 86
8 6 600
0 1 2000
-5 1 1000
4 2 3000
0 2 1000
5 2 12000
11 7 9000
0 1 59
10 2 5000
0 1 247
4 1 658
1 6 2000
8 2 8000
4 1 186
7 4 471
5 1 209
2 0 863
4 1 899
0 2 928
-2 2 104
1 1 251
23 20 1000
4 9 1000
0 1 151
2 1 525
4 2 1000
12 2 6000
2 1 693
1 1 2000
2 2 1000
1 1 220
3 4 724
0 1 230
1 1 283
17 7 31000
0 1 36
-2 2 441
1 1 434
1 1 190
3 1 2000
3 2 153
0 1 498
2 5 1000
2 1 636
1 1 285
1 1 2000
0 1 153
0 1 791
2 6 3000
2 0 828
1 2 460
2 2 459
0 1 569
1 3 2000
3 3 4000
0 2 110
0 2 60
1 0 2000
36 12 11000
2 5 563
1 1 105
1 3 95
2 1 2000
0 1 5000
3 9 2000
4 2 801
0 5 668
0 2 149
0 3 401
0 1 68
1 3 306
2 1 3000
1 4 688
6 4 5000
0 2 148
-3 2 113
1 2 3000
0 1 291
2 1 544
0 2 364
5 1 2000
1 1 1000
10 5 6000
2 2 520
1 1 615
0 1 56
0 3 44
0 1 39
1 4 354
2 1 1000
0 3 128
1 3 701
0 1 221
3 2 8000
6 3 3000
13 3 3000
0 1 428
0 1 155
0 2 263
2 2 2000
0 2 134
1 5 166
5 2 5000
0 1 140
13 2 29000
0 3 490
0 7 2000
2 2 1000
4 1 2000
4 7 4000
1 1 4000
1 2 131
3 14 1000
4 3 175
0 1 122
0 2 82
0 1 243
0 2 223
4 5 901
3 1 525
1 1 623
9 2 2000
2 3 5000
4 1 2000
1 10 72000
2 2 2000
6 3 1000
4 2 238
2 1 2000
3 0 119
14 4 6000
0 1 192
1 1 629
-2 1 908
5 3 3000
0 3 434
3 2 105
1 1 1000
2 1 567
0 2 2000
5 2 5000
1 1 213
-3 2 67
1 1 151
9 1 7000
74 44 1
6 2 648
11 2 3000
3 2 3000
2 1 677
2 3 3000
0 1 345
2 0 82
1 1 445
10 2 3000
17 2 5000
0 2 252
0 2 58
2 2 2000
0 1 50
0 1 2000
1 1 624
5 1 4000
10 3 4000
8 11 5000
0 5 457
5 1 6000
2 1 5000
1 1 895
1 1 816
0 1 205
3 2 1000
1 2 988
0 1 2000
5 9 17000
0 1 1000
1 1 1000
0 1 152
2 2 937
0 2 71
15 1 2000
48 40 1
1 1 684
4 4 5000
2 3 417
0 4 3000
3 3 506
2 2 2000
11 4 2000
2 2 2000
0 1 56
1 1 655
2 1 607
1 3 2000
0 1 428
0 1 1000
1 1 98
11 4 5000
0 1 4000
7 2 881
2 1 159
3 1 4000
2 3 4000
1 1 401
-1 2 278
2 1 223
1 2 101
2 1 965
0 2 189
0 1 2000
2 3 1000
3 3 3000
2 2 167
0 1 516
0 1 812
1 1 2000
0 2 256
3 2 787
1 1 764
1 1 1000
0 2 466
0 2 225
0 3 226
1 0 696
1 1 1000
0 2 352
3 2 1000
7 3 2000
6 2 420
1 1 105
1 1 752
1 2 268
4 1 145
1 1 80
29 16 7000
3 1 837
0 1 1000
5 2 1000
2 1 1000
6 1 1000
1 4 420
5 1 502
0 3 3000
9 5 2000
1 4 3000
3 1 2000
0 1 361
3 5 1000
3 1 1000
4 3 2000
1 0 28
3 3 192
0 1 295
1 4 7000
0 1 482
1 4 204
0 1 29
3 1 210
0 1 711
10 1 7000
2 1 323
2 1 522
2 1 882
1 0 777
1 0 132
141 25 425000
13 6 2000
3 1 998
3 3 534
2 3 168
1 3 309
2 1 356
1 3 7000
0 1 837
35 3 7000
1 2 210
2 1 1000
10 8 1000
2 1 233
0 2 181
0 1 365
6 5 3000
0 2 1000
7 5 7000
4 1 2000
0 2 2000
3 1 861
2 2 5000
1 2 84
1 2 252
1 3 2000
1 2 2000
-1 2 191
0 4 523
0 1 2000
2 7 2000
2 1 2000
2 2 710
3 1 293
-1 6 228
0 1 122
4 1 3000
1 5 3000
8 1 962
1 0 185
0 2 82
0 1 120
6 2 10000
0 2 2000
0 1 157
32 2 19000
-7 1 372
2 2 681
9 3 513
2 2 2000
2 2 227
3 2 1000
2 3 2000
0 3 241
1 2 2000
1 2 3000
6 3 357
0 2 103
0 2 278
0 2 104
2 8 637
5 6 7000
0 1 32
4 2 3000
1 1 594
0 3 203
8 3 5000
0 1 110
1 3 725
2 1 439
2 2 514
0 1 313
0 3 1000
3 5 344
3 1 668
1 2 43
1 1 89
0 1 513
-1 2 2000
1 4 319
11 1 15000
10 4 779
0 4 353
1 1 750
1 1 542
3 2 2000
8 2 5000
-2 2 1000
10 1 1000
3 3 217
1 2 53
-1 3 192
3 3 1000
0 4 3000
3 2 335
7 4 17000
0 1 677
0 1 38
2 2 4000
2 24 922
-1 3 351
7 3 348
5 0 1000
4 2 1000
3 3 2000
0 1 261
0 1 994
3 4 2000
9 10 1000
1 4 1000
3 1 260
2 2 2000
0 1 210
2 2 2000
2 1 793
3 1 213
2 2 181
2 4 215
1 0 44
0 1 48
1 1 75
4 2 2000
1 0 144
3 2 754
3 3 97
2 2 3000
3 3 1000
1 1 94
0 1 1000
0 2 1000
-2 1 201
1 0 88
4 3 6000
1 1 650
1 0 137
0 2 181
8 6 1000
4 0 2000
1 2 345
0 3 70
0 2 715
0 2 716
1 3 133
5 4 999
2 1 270
1 2 214
6 10 551
2 1 2000
3 1 943
3 6 321
2 2 74
5 4 2000
8 4 9000
2 1 826
8 1 1000
-1 4 230
4 2 577
0 5 932
2 0 255
3 5 6000
2 2 748
0 1 104
1 1 123
0 2 1000
5 4 27000
1 1 652
0 1 1000
2 2 163
0 1 414
4 0 2000
0 1 486
1 2 2000
3 1 467
1 3 1000
0 1 191
1 2 491
5 1 704
0 1 380
5 1 297
0 1 112
0 1 829
0 4 6000
16 2 4000
2 2 565
2 3 2000
1 1 989
8 1 5000
0 2 677
0 1 586
3 1 908
4 2 1000
0 5 886
3 2 5000
3 2 3000
2 1 284
3 4 12000
3 3 869
1 1 206
9 1 6000
1 2 272
2 1 661
2 9 2000
16 3 11000
1 3 986
1 1 544
1 1 897
2 2 323
1 1 768
1 1 604
0 1 720
2 4 346
1 1 436
0 1 560
1 2 200
1 1 254
1 1 168
11 1 4000
1 4 388
2 1 3000
1 1 112
3 3 1000
0 2 63
5 1 5000
4 7 5000
1 1 235
12 4 9000
3 1 354
9 4 744
0 1 132
2 2 581
4 2 2000
0 2 32
1 1 7000
1 2 569
0 1 2000
0 1 579
8 2 379
2 5 1000
0 2 181
4 3 2000
0 1 301
3 2 2000
3 3 3000
1 3 2000
5 1 2000
1 6 195
0 1 480
3 1 203
0 3 924
1 2 233
5 2 385
0 1 386
7 6 5000
0 2 2000
2 4 858
1 2 1000
0 1 217
1 1 438
3 2 4000
13 9 2000
1 1 647
4 3 489
3 2 3000
4 1 3000
2 1 113
10 4 903
10 10 358
8 1 4000
13 9 2000
1 4 1000
1 3 191
0 1 234
2 2 5000
1 2 223
0 1 84
0 1 521
2 1 8000
-2 1 1000
2 1 372
20 6 7000
3 2 1000
4 4 5000
1 1 169
2 1 123
1 0 293
8 2 2000
1 1 499
2 0 586
1 4 481
8 9 20000
0 2 52
28 13 26000
0 4 470
0 2 777
0 1 1000
3 3 905
0 1 579
0 1 408
0 1 149
3 2 246
10 3 8000
1 1 69
3 1 1000
0 2 343
0 0 302
5 2 2000
0 1 30
2 1 612
1 1 330
0 2 3000
0 1 494
5 2 2000
0 7 154
3 5 4000
0 2 2000
5 2 1000
1 1 832
12 3 7000
0 6 1000
2 1 4000
1 1 516
6 4 2000
0 2 212
0 1 598
0 2 348
7 3 608
1 1 308
14 1 6000
4 8 3000
3 1 692
3 9 546
0 2 121
0 4 698
0 2 592
0 3 1000
1 3 1000
4 5 3000
1 1 821
2 1 5000
0 1 57
0 1 224
3 2 2000
0 3 131
3 1 176
0 1 1000
2 3 2000
2 2 288
0 2 1000
2 6 635
5 1 110
0 1 127
2 1 674
2 2 537
6 3 11000
1 1 173
5 2 3000
2 5 1000
0 1 147
0 1 66
2 3 304
0 1 453
1 2 67
2 1 178
2 1 211
2 4 1000
1 2 847
1 1 427
5 3 382
0 1 2000
7 2 374
0 1 66
4 2 3000
0 3 390
4 4 24000
1 2 142
8 18 1000
4 2 323
0 1 45
1 1 446
0 5 252
0 1 290
0 1 48
1 3 673
2 3 2000
3 2 3000
0 2 478
1 2 503
0 1 936
7 3 3000
2 2 779
0 3 1000
0 3 1000
1 1 584
0 5 331
-3 4 4000
4 3 5000
0 1 1000
0 1 172
0 2 316
1 3 139
2 2 279
0 2 668
0 1 346
3 5 1000
0 1 117
0 2 2000
5 2 3000
9 2 4000
2 2 411
2 2 1000
0 1 668
1 1 327
0 2 763
2 2 2000
3 4 3000
0 2 198
1 3 2000
0 1 315
10 2 11000
1 2 388
5 1 695
2 2 447
2 8 2000
9 3 2000
0 4 591
9 4 4000
1 2 165
0 2 664
16 9 15000
0 2 514
0 3 178
1 0 125
0 1 178
4 5 2000
2 4 314
2 3 8000
4 4 271
1 2 34
7 2 9000
2 3 229
2 3 893
8 2 3000
1 1 3000
0 2 86
2 2 1000
4 2 1000
1 4 2000
0 1 423
0 2 553
2 1 399
6 6 3000
2 5 805
0 2 223
0 2 812
1 2 4000
1 1 131
3 2 1000
1 3 957
0 1 179
10 3 9000
2 2 129
0 1 985
0 1 129
1 1 1000
0 6 3000
4 2 396
2 1 128
0 2 59
4 3 21000
2 3 381
0 3 2000
3 6 951
1 2 98
1 1 312
0 3 1000
4 3 195
4 9 2000
4 1 564
0 2 798
1 2 175
1 4 757
1 0 244
2 2 235
0 2 1000
0 1 824
16 10 2000
1 3 195
2 9 10000
0 1 347
1 1 140
1 2 1000
5 2 13000
2 3 8000
1 4 976
1 2 390
1 1 231
9 15 10000
14 7 7000
0 5 348
1 2 2000
2 1 2000
2 1 3000
0 1 587
0 1 57
2 0 88
3 4 2000
1 1 1000
0 6 220
1 1 696
2 5 323
4 3 509
2 1 129
1 0 329
2 4 1000
1 2 357
2 2 672
2 1 218
1 0 175
2 5 210
4 2 2000
0 2 574
3 4 4000
1 2 1000
2 1 128
2 0 459
4 2 2000
2 6 233
4 2 746
0 1 74
2 1 1000
0 1 145
0 3 2000
3 2 349
16 5 2000
1 6 203
6 6 11000
4 4 5000
1 1 1000
0 3 163
0 2 725
1 3 261
1 1 510
0 1 164
0 1 1000
2 4 1000
9 1 40000
3 2 601
1 7 506
1 2 233
1 1 558
3 3 552
7 4 2000
4 1 809
2 3 5000
0 2 634
1 3 1000
0 5 200
1 2 342
1 4 337
0 1 105
3 1 750
0 2 768
0 1 3000
5 15 3000
3 7 652
0 1 128
2 6 1000
3 2 1000
1 1 896
3 1 1000
0 1 1000
1 1 810
2 1 916
7 6 15000
2 3 11000
2 1 842
1 1 644
2 1 909
1 3 3000
4 1 822
2 3 70
26 4 37000
3 1 522
3 5 872
1 2 443
3 3 1000
3 5 1000
0 3 303
1 0 467
1 2 241
0 2 2000
5 11 1000
2 8 215
0 2 64
0 1 319
15 10 6000
1 2 132
2 3 10000
0 3 69
0 3 515
1 2 527
1 2 403
2 3 569
2 6 2000
0 5 177
2 7 1000
1 1 361
3 1 497
4 8 2000
2 2 84
2 2 224
0 1 69
3 3 2000
1 2 2000
2 1 1000
0 3 4000
1 2 413
0 1 39
10 7 3000
1 6 116
2 2 954
6 4 376
7 1 2000
0 1 240
1 2 135
3 2 3000
3 6 1000
3 1 9000
2 3 1000
3 2 253
0 3 2000
1 1 228
0 1 59
1 3 2000
11 6 9000
3 3 346
3 2 2000
4 5 498
2 2 7000
0 3 3000
4 2 2000
-2 2 212
8 6 25000
0 2 529
0 1 679
2 2 8000
1 1 92
6 4 2000
6 3 3000
1 2 142
0 1 326
3 8 521
1 4 3000
0 4 200
0 1 180
0 1 502
3 5 2000
10 7 427
0 1 162
3 2 38
1 2 1000
2 4 253
22 12 25000
4 3 4000
2 1 3000
6 7 488
1 1 901
0 1 285
0 1 279
3 2 105
5 3 3000
5 2 2000
3 5 1000
6 1 1000
0 1 89
0 2 477
4 4 167
2 3 991
1 0 268
3 9 17000
5 7 25000
9 6 13000
0 3 134
7 1 3000
1 2 81
4 1 88
0 4 513
3 3 198
1 2 43
3 5 476
1 1 28
0 1 191
0 4 176
1 3 5000
2 2 853
3 3 461
2 2 208
1 1 224
4 4 701
3 2 637
2 4 5000
5 2 3000
0 2 1000
-1 1 296
0 6 242
2 10 2000
1 5 3000
1 7 295
24 3 5000
2 5 691
0 3 634
1 2 469
1 2 184
0 1 2000
0 3 931
2 3 134
3 6 143
1 3 2000
1 4 1000
6 7 1000
1 2 189
0 1 422
0 1 136
2 5 2000
0 9 820
3 1 3000
1 1 2000
3 1 843
1 2 493
5 1 3000
3 5 429
0 1 2000
1 7 3000
1 4 120
4 2 1000
4 4 2000
4 10 3000
2 3 2000
0 3 393
5 1 1000
0 2 225
0 1 705
0 2 286
0 1 267
3 3 1000
2 2 285
3 3 10000
2 4 780
1 2 1000
0 1 398
0 1 83
0 2 300
7 2 137
1 1 642
2 1 588
2 1 1000
3 3 3000
7 6 521
2 3 7000
3 1 1000
0 5 131
1 5 1000
4 3 791
0 2 1000
0 1 177
3 2 9000
17 2 6000
1 2 8000
5 3 6000
2 1 1000
1 4 146
2 1 262
0 1 171
3 2 5000
2 10 1000
3 1 373
9 10 2000
4 7 1000
5 9 1000
1 3 4000
4 1 495
4 3 263
1 2 87
3 4 2000
2 3 442
0 1 186
0 1 531
1 0 48
5 2 1000
2 3 2000
21 5 2000
5 6 3000
2 6 1000
2 1 1000
4 1 734
4 3 610
4 1 772
4 2 105
2 5 552
1 1 4000
0 2 121
4 4 1000
0 2 237
0 5 199
1 3 1000
6 1 4000
0 1 43
3 3 145
5 12 3000
1 1 649
14 4 13000
0 1 47
5 12 6000
0 5 806
2 3 235
0 1 158
3 1 320
0 2 1000
1 1 349
0 3 1000
1 0 249
2 2 952
0 2 275
0 10 141
2 2 1000
0 5 911
1 9 7000
3 2 821
0 9 827
6 5 3000
0 1 171
12 7 814
0 3 3000
1 1 681
4 3 2000
3 3 168
0 2 210
7 2 6000
14 8 6000
1 1 132
0 2 3000
1 3 663
5 3 894
1 5 718
1 3 3000
1 1 590
0 2 209
2 2 2000
0 9 306
2 2 602
3 3 107
2 2 7000
1 5 3000
0 1 312
2 2 509
0 4 919
2 3 388
9 16 10000
3 5 1000
3 10 569
1 4 797
0 1 356
3 3 1000
0 1 34
1 2 2000
0 4 524
3 8 5000
1 4 839
1 8 591
2 3 6000
4 4 1000
1 3 98
1 1 2000
1 4 849
3 3 547
0 1 1000
4 2 2000
0 2 672
1 3 1000
6 2 2000
13 5 3000
2 1 2000
1 3 940
3 5 4000
4 15 4000
-1 1 126
4 2 2000
2 6 384
0 1 569
5 6 325
0 2 189
0 1 184
0 2 266
0 4 702
0 3 69
0 6 220
22 8 2000
4 1 3000
1 1 99
6 7 4000
8 11 3000
0 2 77
9 11 1000
0 1 222
2 2 191
0 4 96
0 2 849
8 5 1000
1 1 1000
0 3 242
2 11 592
1 1 546
2 1 478
0 3 1000
5 3 5000
4 9 2000
1 3 163
0 4 365
0 1 479
2 1 736
1 1 1000
1 2 52
2 5 2000
5 6 3000
7 1 5000
2 3 258
2 3 1000
0 3 3000
5 8 6000
0 5 530
0 1 327
15 4 3000
0 1 281
2 1 953
0 4 297
10 1 7000
2 2 550
9 21 2000
2 3 126
5 6 3000
6 5 4000
1 2 2000
8 5 3000
2 1 526
-1 3 232
1 5 521
0 1 262
1 2 683
2 7 210
2 2 992
2 5 10000
0 1 362
2 3 1000
1 7 2000
2 1 7000
1 9 285
1 7 1000
19 2 5000
0 1 127
4 2 8000
4 3 1000
1 6 617
1 1 742
22 4 17000
1 2 2000
1 3 1000
0 1 158
2 1 2000
0 1 2000
0 2 95
2 9 407
2 3 3000
0 5 2000
2 2 3000
3 2 570
0 2 59
1 2 347
3 1 988
0 1 92
5 3 991
2 2 818
2 1 1000
0 1 525
0 2 233
0 1 94
2 2 142
4 3 6000
4 7 828
3 1 268
2 6 3000
1 2 862
10 13 861
2 1 482
4 7 3000
11 6 2000
1 1 638
1 5 423
1 9 326
0 14 754
2 4 3000
3 1 2000
1 3 666
25 10 16000
-3 8 3000
2 2 2000
3 2 2000
4 2 11000
7 7 925
4 1 4000
2 8 295
4 4 3000
2 3 178
3 3 2000
2 4 274
3 3 345
5 2 1000
0 1 248
4 7 313
6 2 934
0 1 242
3 2 2000
1 3 642
7 2 2000
0 4 8000
4 15 922
1 4 507
7 4 33000
0 2 707
0 6 562
1 8 1000
1 2 3000
0 3 2000
6 2 6000
12 13 7000
5 1 9000
3 1 2000
1 2 83
0 1 589
1 1 1000
0 4 817
2 1 281
2 7 685
0 1 368
5 1 652
1 4 2000
2 4 385
0 1 521
1 3 2000
4 3 811
16 3 6000
1 4 925
3 5 1000
0 1 574
8 3 5000
0 6 192
4 8 4000
2 2 7000
2 7 8000
0 1 910
9 12 2000
1 3 442
2 5 285
0 2 218
1 1 413
5 1 641
8 20 13000
0 3 1000
-1 1 690
