代码、文本编辑功能：
code 1825 6711 3021 5848951
file 2115 6264 4222 7371951
files 960 1966 1464 2221456
editor 365 1601 851 1413089
line 301 4339 1391 3492248
text 900 1126 988 1720786
change 205 1638 1005 1957902
duplicate 772 1726 1081 2500643
source 182 1609 1124 2005053
color 106 642 436 695871
find 458 1477 968 1935493
data 386 1064 1216 2028510
-----------------------------------------------
代码分析、编译、调试功能：
error 1822 2967 2075 4115476
class 1024 2080 1809 3292610
new 145 907 680 1353133
build 673 1758 1288 2493351
debug 130 2131 1230 2152119
debugging 130 930 357 658372
run 967 3022 2212 4428711
running 409 704 601 829800
-----------------------------------------------
多语言编辑：
python 358 466 333 460466
php 959 1146 658 1141055
javascript 192 248 176 330583
html 129 336 260 381126
mysql 441 263 243 793718
-----------------------------------------------
多环境编辑：
android 465 610 312 728340
windows 579 301 350 327820
linux 149 118 163 128096
web 789 1145 999 1620271
-----------------------------------------------
文件管理：
closed 1288 8502 3187 7724952
open 197 1409 1013 1904150
add 722 2045 1320 2580086
library 336 688 457 822913
-----------------------------------------------
IDE平台：
phpstorm 278 447 51 200971
pycharm 219 104 43 50922
delphi 211 59 50 28275
vs 181 390 265 333007
xcode 154 86 20 42202
webstorm 135 11 5 8649
-----------------------------------------------
功能扩展：
development 259 1332 687 1171558
auto 172 2623 1181 2223136
find 160 1477 968 1935493
plugin 470 1430 778 1475791
selenium 139 36 40 68109
support 137 1588 674 1432400
method 488 2058 947 1789970
-----------------------------------------------
项目管理工具：
jar 838 898 896 1412148
maven 713 504 402 966612
glassfish 486 216 195 353712
tomcat 371 115 177 272202
-----------------------------------------------
性能需求：
server 562 1047 781 1652779
-----------------------------------------------
功能需求：
application 894 1163 1200 1978583
database 670 705 755 1569940
gui 483 535 159 706142
jframe 406 95 103 100817
javafx 345 180 114 218770
swing 340 139 181 296389
